50 100
0 122.68 2908.87 160.82
1 3265.18 2759.33 75.8356
2 4967.96 1628.01 42.965
3 3213.6 1989.81 151.975
4 2872.4 2660.3 111.203
5 1279.64 3100.53 242.68
6 2216.41 789.67 70.5634
7 839.26 283.36 227.554
8 4967.19 3983.73 194.214
9 3881.04 2399.06 231.423
10 2564.01 1364.94 100.331
11 216.38 972.01 245.639
12 53.56 1427.81 63.055
13 957.21 385.3 197.931
14 3635.82 29.3 175.976
15 2665.49 1051.82 98.3766
16 4271.52 187.08 231.343
17 1085.85 3846.4 210.782
18 2512.89 3215.43 31.3525
19 862 1577.81 118.27
20 2210.61 3229.77 272.881
21 147.4 784.94 295.446
22 3252.36 4553.06 81.6413
23 1513.26 4635.15 146.963
24 993.38 4051.94 259.155
25 3063.45 206.15 296.516
26 2531.21 2936.8 51.5774
27 1158.64 937.83 157.426
28 2481.77 56.46 181.399
29 3660.08 2526.63 223.313
30 3416.24 1216.77 39.7189
31 95.22 3051.55 126.24
32 3608.81 1557.36 277.015
33 2655.87 609.3 112.789
34 2258.52 515.31 267.668
35 4429.3 4239.94 219.879
36 4836.12 1408.28 208.711
37 3775.6 1424.91 64.3091
38 3713.49 168 36.0965
39 1250.95 2938.93 150.603
40 1735.44 256.05 190.18
41 2988.07 3336.13 254.161
42 3884.24 3290.81 137.765
43 1936.09 2853.18 147.233
44 4696.95 2420.27 232.523
45 869.93 4008 247.564
46 1591.85 2970.21 73.4926
47 3571.73 3679.16 123.058
48 1759.09 2397.08 32.2563
49 3093.51 3942.99 269.799
0 2492.14 4399.85 8.56013 1.00078
1 1881.77 980.71 12.9116 0.348101
2 3070.16 4080.48 6.40626 0.300404
3 403 2308.42 6.01715 0.595306
4 4672.69 3736.38 9.38983 0.541506
5 4382.76 2512.89 14.0135 0.932373
6 4669.94 790.58 7.6548 1.31841
7 451.22 2506.33 6.41333 0.133687
8 414.59 413.68 11.0458 0.481425
9 3909.42 1447.65 14.204 0.418283
10 1747.64 3633.23 9.13197 0.618792
11 2527.7 968.35 9.94569 0.257671
12 1442.61 1622.21 8.03641 0.75264
13 1801.51 34.49 11.9521 0.533204
14 3746.76 704.21 6.17754 1.03927
15 3066.65 1223.79 10.7619 0.206559
16 3673.51 99.19 10.8308 0.627944
17 3382.06 1700.34 6.33598 0.200815
18 2203.13 1946.32 7.11166 0.758445
19 3588.52 4668.26 7.87627 0.901017
20 48.52 633.56 9.93702 0.212401
21 3444.32 4584.34 13.541 0.602413
22 140.54 964.38 9.42763 0.390745
23 250.4 1911.98 13.9778 0.377074
24 1490.98 2194.59 10.9347 0.554129
25 4865.72 698.26 9.71261 0.313754
26 4589.37 2467.88 6.85231 0.314589
27 1522.42 4752.8 12.0095 0.239842
28 987.43 685.45 7.65473 0.609776
29 346.23 712.15 10.8284 0.52655
30 2231.51 336.47 5.26279 0.564805
31 3987.85 3772.39 12.8725 0.425653
32 795.01 2323.22 6.4943 0.190649
33 2271.49 4363.99 10.019 0.581338
34 3170.26 1311.99 14.2182 0.624613
35 1268.81 1560.56 7.53008 0.499029
36 2773.83 2640.92 7.78931 0.354828
37 700.86 1494.19 11.7051 0.390603
38 2824.03 4314.4 7.32689 0.236845
39 1078.07 1562.4 5.3839 0.331018
40 1843.32 1118.05 5.13913 0.53781
41 4481.49 3707.54 10.2286 0.957519
42 1946.32 383.47 11.7176 0.728191
43 393.54 2550.13 14.4287 0.232225
44 2564.93 1434.22 10.3097 0.113239
45 484.94 1656.39 12.4426 0.581429
46 4770.65 3245.49 14.8056 0.599967
47 3760.34 3721.88 5.84325 0.332039
48 3848.69 2347.33 12.564 0.400659
49 973.08 2952.21 7.17112 0.143804
50 279.24 503.71 8.28982 0.560125
51 4714.96 423.29 9.81324 0.297848
52 1785.33 4197.97 10.7547 0.705174
53 4083.53 700.09 12.8042 1.10804
54 1598.41 455.79 5.32472 0.474618
55 337.69 496.69 8.63708 0.286818
56 603.66 1038.39 12.8627 0.162574
57 2444.99 2659.23 7.66236 0.431996
58 3517.26 4534.75 9.15266 0.446443
59 3927.73 1251.72 12.5847 0.206722
60 1752.37 3386.33 6.08717 0.201798
61 4914.55 1027.41 6.76735 0.978074
62 3132.72 374.77 7.13168 0.64027
63 803.25 2064.73 10.7282 0.311918
64 1106.6 1603.6 7.11199 0.361252
65 1441.24 2852.26 9.30719 0.358386
66 3619.5 504.32 9.08775 0.443728
67 2228.77 2600.63 5.43155 0.256167
68 4300.97 4900.97 8.96344 0.937486
69 1054.26 1065.4 6.61153 0.288009
70 1123.08 1660.51 11.9426 0.397349
71 2464.37 1660.36 8.28857 0.279941
72 185.25 965.3 11.734 0.218812
73 2976.62 1143.22 5.75791 0.368321
74 4781.64 4732.05 5.70634 0.339106
75 3942.23 1654.56 13.0386 0.384046
76 2408.37 1215.55 6.8071 0.513302
77 862.45 3391.83 14.1931 0.16167
78 4868.01 324.41 11.1161 1.11132
79 567.34 3699.76 5.51856 0.508404
80 4123.2 1680.2 14.2366 0.224914
81 161.44 856.96 13.2895 0.291568
82 4060.95 4952.7 13.8993 1.4328
83 4143.65 3342.39 5.66399 0.343588
84 819.88 4501.79 11.2592 0.529772
85 3606.68 2859.74 11.6257 0.275966
86 1839.05 2856.53 14.2747 0.376712
87 3923.76 1905.42 9.32894 0.480376
88 1283 65 9.14302 0.690512
89 4827.42 4156.16 10.0336 0.366662
90 2000.49 3442.64 5.53257 0.452546
91 4286.02 3461.87 11.5201 0.97227
92 1672.87 4752.65 5.334 0.515798
93 87.74 4722.74 5.94529 0.49072
94 3307.44 4350.41 12.4169 0.429387
95 534.07 2431.71 10.4701 0.26608
96 2733.39 4321.42 12.2731 0.839919
97 3150.88 166.17 9.18587 0.234794
98 3255.41 143.74 6.5334 0.317125
99 2824.03 1805.17 7.27045 0.498933
