30 75
0 4277.47 3166.3 333.039
1 4463.64 349.89 59.0089
2 4847.1 2911.47 375.238
3 2476.88 4728.69 284.432
4 957.37 3335.83 123.221
5 455.64 1483.5 213.949
6 3276.16 4655.29 188.413
7 3594.47 5.49 191.383
8 1210.67 3406.02 207.547
9 509.2 2269.81 292.404
10 2862.33 706.35 184.275
11 4077.73 3445.69 271.193
12 3818.32 4006.47 189.233
13 1816.31 3885.77 181.913
14 1813.1 1227.76 327.621
15 4083.22 2645.8 357.815
16 1790.22 3704.95 215.814
17 881.53 196.69 309.98
18 3395.34 1829.43 95.2289
19 550.25 479.45 186.501
20 432.14 4807.43 176.056
21 1118.96 4964.29 97.4754
22 4313.64 3432.11 74.5945
23 2611.16 3866.24 253.182
24 1036.56 2283.55 215.772
25 1075.47 2176.89 139.129
26 3714.87 255.29 227.717
27 2626.58 665.61 170.569
28 199.29 818.96 237.945
29 3277.69 4508.19 49.4259
0 3682.97 2721.79 13.6522 0.159404
1 2348.86 2432.94 12.6892 0.871891
2 194.25 640.74 6.13859 1.73076
3 2296.52 3283.18 8.60259 0.5863
4 145.27 4542.37 10.7253 1.71937
5 548.57 4994.96 5.98707 0.804638
6 1592.46 2495.96 5.34189 0.921937
7 3679.92 2993.41 7.18045 0.0414695
8 312.51 3511.15 14.73 0.490256
9 3141.58 4987.95 6.64811 0.383226
10 4489.12 1604.36 12.8967 1.82929
11 3682.67 3833.58 5.58247 0.240726
12 1750.85 2807.55 13.9216 1.35652
13 2952.51 1847.9 7.22455 1.34728
14 1846.52 270.55 11.9919 1.72977
15 1816.77 2990.05 9.24519 0.720744
16 733.51 116.28 7.63685 0.758541
17 2416.3 1805.78 7.8514 1.58248
18 4366.74 3204.6 11.3538 0.118629
19 3503.22 547.65 5.67828 1.45002
20 2963.04 458.85 11.5574 0.919805
21 81.64 3375.5 9.9154 1.32508
22 4027.22 1916.1 7.30449 0.232777
23 1888.18 4040.8 7.88712 1.07126
24 4918.67 2150.79 6.02833 0.573044
25 2739.95 967.59 9.1141 0.882011
26 3240 2234.57 12.9329 0.990603
27 284.43 1128.57 13.4753 1.60987
28 829.34 883.82 14.766 1.15115
29 3179.57 1628.16 11.1887 0.272765
30 4637.9 4953.46 9.98257 1.74578
31 237.74 396.28 7.21146 2.04523
32 271.77 1932.74 9.88093 0.402639
33 3563.95 4900.66 14.2296 1.09138
34 1484.12 4599.44 6.80802 1.63986
35 218.36 280.92 14.6632 1.06028
36 1392.25 487.53 13.0404 0.84409
37 4436.78 815.3 9.98652 1.69457
38 3707.54 1327.25 13.8558 0.13596
39 4937.59 1121.71 10.0555 0.966607
40 4754.63 110.32 9.37198 0.637458
41 4349.5 1002.23 6.57145 1.39595
42 4562.82 939.66 6.10422 0.243894
43 288.4 336.31 11.0221 2.0122
44 2812.74 4317.91 10.2199 0.663328
45 116.28 2929.32 10.6365 0.0571885
46 2915.43 3031.25 11.5411 0.794676
47 3913.08 721.3 6.6233 0.45733
48 9 1287.27 8.65875 0.8667
49 2692.5 2265.69 9.71003 1.79046
50 1152.07 2258.22 10.7119 0.798568
51 1393.63 1878.41 11.579 1.17388
52 3496.05 1689.96 11.1545 0.607903
53 3678.55 3370.46 13.155 0.0579565
54 3716.09 2732.78 11.9038 0.073802
55 3068.48 4764.55 10.8132 0.666576
56 4484.69 4647.05 7.85431 1.19153
57 2448.81 2905.21 14.5799 1.92745
58 1266.52 543.23 6.43068 1.25059
59 1474.2 4368.11 13.6823 1.96181
60 216.68 1812.04 5.00749 0.195385
61 3905.91 1572.77 7.29908 0.940427
62 464.49 4398.17 6.3636 1.75346
63 4411.45 509.35 12.349 0.860459
64 1562.4 4578.08 6.97609 0.746076
65 1858.88 3980.53 8.48736 0.513797
66 4382.92 4395.28 12.177 1.48455
67 3636.43 1767.33 14.8444 0.436348
68 1243.32 4409.31 6.09171 1.62804
69 3028.05 1628.01 14.5102 0.394472
70 3541.22 3917.05 10.5222 0.615022
71 4177.83 2529.07 7.83285 0.28303
72 2679.68 1298.87 14.132 0.960664
73 1672.87 4021.73 11.3861 0.323689
74 2566.15 4650.11 5.46713 0.357901
