40 25
0 318.92 967.28 22.633
1 2217.02 4320.66 11.0425
2 1640.52 2722.1 25.6177
3 1054.11 1725.82 88.0367
4 4012.73 2827.23 97.7678
5 1114.23 4294.56 72.0409
6 1428.88 105.59 22.8937
7 1019.78 3388.32 79.8879
8 615.71 4438.76 30.6284
9 3443.71 1538.44 91.6455
10 4832.45 992.77 45.494
11 553.76 1734.98 12.2848
12 4124.73 81.94 45.5354
13 2554.7 2429.88 27.576
14 3441.57 3443.86 94.624
15 1979.13 284.59 61.2647
16 2518.08 215.31 95.9606
17 3889.74 192.42 17.8964
18 3933.07 3385.72 49.8369
19 4643.54 4607.68 31.362
20 3245.64 9.16 75.0612
21 4378.49 1712.55 93.488
22 2620.32 959.81 50.4637
23 876.03 4454.33 84.798
24 1841.33 3506.88 35.1837
25 4957.88 4980.77 65.2066
26 3129.52 2495.04 86.3547
27 69.89 1509.29 41.953
28 3661.15 3409.22 30.9556
29 1215.86 2157.96 29.1945
30 2200.08 3104.8 93.7933
31 888.55 2770.47 82.1866
32 3746.91 1485.49 82.4803
33 2162.08 3267.31 91.6464
34 3611.1 4910.12 56.9287
35 1597.95 4552.6 70.9015
36 4814.45 4607.84 13.5654
37 2121.04 509.81 80.2365
38 230.72 886.56 16.633
39 3523.97 2116.31 39.4619
0 4560.08 1410.41 5.6051 0.937102
1 2965.64 1108.13 6.37269 0.57515
2 3370.62 3668.94 12.8374 0.493855
3 2550.13 980.41 7.30698 0.140877
4 4763.02 811.79 10.5089 0.718354
5 4126.1 1350.75 7.34712 0.280159
6 1022.83 1920.22 7.18777 0.325162
7 129.55 3370.77 11.9112 0.646099
8 818.2 2126.83 11.3417 0.351352
9 4257.79 1166.72 13.5152 0.930236
10 3617.51 4981.38 11.769 0.541125
11 2494.13 4387.8 5.39885 0.751192
12 174.11 1623.89 13.8813 0.0760407
13 3715.63 2011.02 5.10741 0.734435
14 4231.7 1296.27 7.92936 0.736185
15 1284.22 3191.32 13.5992 0.648706
16 3104.34 220.65 14.3357 0.452792
17 4532.76 3429.67 5.81108 1.28762
18 2293.31 3381.91 13.5714 0.435697
19 1547.14 1847.44 11.1167 0.192882
20 1789.76 1237.53 5.15178 1.02998
21 2157.66 2845.09 12.1351 0.421824
22 4225.9 894.34 14.3681 1.12081
23 2536.85 2925.81 7.92824 0.351498
24 2525.71 3776.67 14.9439 0.304666
