40 75
0 1945.4 4732.96 80.2444
1 854.06 1000.4 98.3995
2 1649.83 4080.48 47.9274
3 3220.31 301.83 139.577
4 1663.87 3925.6 84.1744
5 3095.49 227.97 136.386
6 4880.83 336.92 79.6055
7 527.36 3371.99 120.607
8 2811.37 3414.26 37.6921
9 3824.43 1491.44 127.822
10 2634.97 1757.71 67.1334
11 4266.79 1997.28 121.034
12 862.61 2106.39 77.6439
13 322.28 934.02 102.315
14 2517.47 2421.19 102.751
15 1518.6 1987.21 130.371
16 2238.23 4198.28 115.075
17 4630.12 3547.17 134.909
18 1213.87 2290.41 51.217
19 2335.58 3360.24 128.08
20 1354.41 3021.94 107.556
21 2004 2799.62 58.1064
22 603.35 3873.1 131.887
23 4761.35 286.11 60.8789
24 800.04 519.27 124.52
25 2498.55 891.14 44.6411
26 1996.52 4506.21 136.281
27 2975.25 1652.12 34.2106
28 4636.22 2338.18 41.061
29 673.39 4631.95 86.7111
30 3499.1 4267.1 61.5437
31 3562.43 2253.94 118.95
32 4822.69 3556.32 50.539
33 3425.09 1944.94 81.7935
34 500.2 4507.89 88.7323
35 4907.68 4613.03 90.073
36 768.61 27.77 70.5029
37 943.94 3997.31 66.7977
38 4285.87 2015.9 102.442
39 4715.26 1416.82 55.6386
0 4560.08 1410.41 14.8533 0.822252
1 2965.64 1108.13 5.36018 0.977178
2 3370.62 3668.94 14.3101 0.524782
3 2550.13 980.41 13.8876 1.41598
4 4763.02 811.79 14.7454 0.712992
5 4126.1 1350.75 7.1901 0.399548
6 1022.83 1920.22 5.29761 0.63647
7 129.55 3370.77 7.87518 0.632494
8 818.2 2126.83 10.2096 0.636123
9 4257.79 1166.72 14.0121 0.925905
10 3617.51 4981.38 14.1681 0.907837
11 2494.13 4387.8 12.2834 0.290463
12 174.11 1623.89 8.49577 0.326144
13 3715.63 2011.02 10.4269 1.42644
14 4231.7 1296.27 9.40063 0.938572
15 1284.22 3191.32 7.06981 0.712569
16 3104.34 220.65 10.2924 0.899843
17 4532.76 3429.67 12.7962 0.533816
18 2293.31 3381.91 5.44368 0.531289
19 1547.14 1847.44 5.34219 0.159517
20 1789.76 1237.53 7.34626 2.17886
21 2157.66 2845.09 6.38292 0.460822
22 4225.9 894.34 13.4272 0.44387
23 2536.85 2925.81 13.7405 1.0557
24 2525.71 3776.67 13.7122 0.985311
25 318.92 967.28 7.81701 1.3558
26 2217.02 4320.66 11.7463 0.0762572
27 1640.52 2722.1 8.00922 0.202872
28 1054.11 1725.82 9.68216 1.5165
29 4012.73 2827.23 6.06601 1.77693
30 1114.23 4294.56 10.9256 0.404796
31 1428.88 105.59 6.76636 0.47264
32 1019.78 3388.32 10.0913 0.211136
33 615.71 4438.76 8.21201 0.71413
34 3443.71 1538.44 11.2041 0.499331
35 4832.45 992.77 7.23818 0.634885
36 553.76 1734.98 6.86435 1.25024
37 4124.73 81.94 6.75985 1.49398
38 2554.7 2429.88 12.8146 0.506693
39 3441.57 3443.86 14.0254 0.816388
40 1979.13 284.59 5.2506 0.936025
41 2518.08 215.31 8.29354 1.86465
42 3889.74 192.42 8.50461 1.29877
43 3933.07 3385.72 12.3331 1.31339
44 4643.54 4607.68 10.8058 0.325554
45 3245.64 9.16 8.52804 1.8139
46 4378.49 1712.55 9.44057 1.61062
47 2620.32 959.81 8.54253 0.501663
48 876.03 4454.33 12.3074 0.419791
49 1841.33 3506.88 10.6807 0.861775
50 4957.88 4980.77 9.08838 1.65352
51 3129.52 2495.04 10.2073 1.16666
52 69.89 1509.29 5.32308 0.502339
53 3661.15 3409.22 8.92042 0.842254
54 1215.86 2157.96 14.9006 0.786853
55 2200.08 3104.8 13.3149 0.91976
56 888.55 2770.47 13.8807 1.4999
57 3746.91 1485.49 9.07545 1.15668
58 2162.08 3267.31 12.0328 0.516056
59 3611.1 4910.12 7.16106 0.788885
60 1597.95 4552.6 8.34942 0.369087
61 4814.45 4607.84 11.0236 0.14183
62 2121.04 509.81 12.6132 1.17141
63 230.72 886.56 11.3353 0.865243
64 3523.97 2116.31 6.74447 0.499896
65 3366.8 1411.63 6.94823 0.383271
66 752.89 3207.04 13.9818 0.98161
67 4193.7 4338.66 10.3831 1.67886
68 2634.36 4922.33 12.5132 1.16508
69 3932.46 4581.13 12.5495 0.442506
70 1196.94 3365.89 5.72179 1.27963
71 200.81 3994.87 10.6581 0.822488
72 4245.43 2509.69 14.499 0.332794
73 1428.57 3758.51 12.6776 0.59633
74 1342.05 1871.24 9.01664 0.440114
