40 100
0 2498.55 891.14 230.881
1 1996.52 4506.21 314.412
2 2975.25 1652.12 297.769
3 4636.22 2338.18 285.861
4 673.39 4631.95 332.663
5 3499.1 4267.1 112.138
6 3562.43 2253.94 316.779
7 4822.69 3556.32 353.288
8 3425.09 1944.94 175.145
9 500.2 4507.89 51.2599
10 4907.68 4613.03 113.694
11 768.61 27.77 140.085
12 943.94 3997.31 306.933
13 4285.87 2015.9 55.8899
14 4715.26 1416.82 179.168
15 2008.73 357.07 87.084
16 796.99 2951.75 168.983
17 3776.36 3799.1 92.086
18 653.55 3586.38 99.4847
19 4002.96 3495.28 118.787
20 133.82 347.3 111.901
21 390.33 2495.19 278.206
22 4124.73 3966.8 55.844
23 2063.05 1963.56 184.917
24 1019.62 1102.33 67.0418
25 1033.51 2408.52 88.3388
26 2158.12 1644.34 139.175
27 3403.88 701.16 171.404
28 3891.42 3143.41 188.362
29 4210.49 1168.4 307.217
30 2431.56 1887.11 361.67
31 2317.58 1537.06 235.531
32 4140.75 2659.54 42.3744
33 4264.5 2015.44 290.014
34 1414.53 1712.39 194.757
35 3475.91 3288.52 44.177
36 1819.97 4981.38 324.267
37 3739.43 1711.63 278.543
38 638.45 1077 269.909
39 3355.51 2482.99 285.263
0 4560.08 1410.41 6.09136 0.381978
1 2965.64 1108.13 6.2856 0.108175
2 3370.62 3668.94 9.43669 0.596412
3 2550.13 980.41 10.4314 0.089776
4 4763.02 811.79 9.78901 0.912257
5 4126.1 1350.75 13.8513 0.226309
6 1022.83 1920.22 11.4317 0.468705
7 129.55 3370.77 7.64999 1.04709
8 818.2 2126.83 8.76884 0.665103
9 4257.79 1166.72 8.34563 0.107611
10 3617.51 4981.38 14.7597 1.29434
11 2494.13 4387.8 5.40886 1.09598
12 174.11 1623.89 13.9308 0.43913
13 3715.63 2011.02 5.44183 0.318794
14 4231.7 1296.27 5.63807 0.158551
15 1284.22 3191.32 9.9043 0.923873
16 3104.34 220.65 6.95905 0.315888
17 4532.76 3429.67 10.8467 0.500378
18 2293.31 3381.91 11.5625 0.350702
19 1547.14 1847.44 5.69801 0.118872
20 1789.76 1237.53 6.64689 0.611328
21 2157.66 2845.09 5.95475 0.886565
22 4225.9 894.34 11.7672 0.375769
23 2536.85 2925.81 8.82265 0.843004
24 2525.71 3776.67 10.9221 0.533729
25 318.92 967.28 9.14434 0.647352
26 2217.02 4320.66 7.51415 0.690317
27 1640.52 2722.1 10.7664 0.217826
28 1054.11 1725.82 5.09045 0.569887
29 4012.73 2827.23 13.9171 0.565295
30 1114.23 4294.56 13.2129 0.220768
31 1428.88 105.59 10.6292 0.292516
32 1019.78 3388.32 9.64829 0.593406
33 615.71 4438.76 9.73205 0.291393
34 3443.71 1538.44 10.6234 0.320856
35 4832.45 992.77 8.57374 0.550408
36 553.76 1734.98 13.3621 0.273488
37 4124.73 81.94 14.6094 1.08976
38 2554.7 2429.88 14.7047 0.681212
39 3441.57 3443.86 10.8166 0.321836
40 1979.13 284.59 8.0967 0.134241
41 2518.08 215.31 11.3386 0.601093
42 3889.74 192.42 6.571 0.279224
43 3933.07 3385.72 5.38766 0.241901
44 4643.54 4607.68 13.1597 0.985853
45 3245.64 9.16 7.01533 0.295264
46 4378.49 1712.55 8.19013 0.140316
47 2620.32 959.81 10.134 0.0962846
48 876.03 4454.33 12.058 0.690521
49 1841.33 3506.88 5.88576 1.51357
50 4957.88 4980.77 13.412 0.68279
51 3129.52 2495.04 6.85743 0.273868
52 69.89 1509.29 13.2474 0.253144
53 3661.15 3409.22 11.6326 0.44294
54 1215.86 2157.96 12.353 0.169922
55 2200.08 3104.8 12.667 0.29599
56 888.55 2770.47 8.04047 0.472504
57 3746.91 1485.49 5.70199 0.362542
58 2162.08 3267.31 10.7724 0.755658
59 3611.1 4910.12 5.04406 0.33882
60 1597.95 4552.6 10.692 0.541845
61 4814.45 4607.84 11.5418 0.682195
62 2121.04 509.81 8.38714 0.172647
63 230.72 886.56 12.3805 0.737258
64 3523.97 2116.31 5.59315 0.262536
65 3366.8 1411.63 11.171 0.14961
66 752.89 3207.04 6.26417 0.54637
67 4193.7 4338.66 7.54967 0.316007
68 2634.36 4922.33 8.59713 0.946718
69 3932.46 4581.13 13.4935 0.591252
70 1196.94 3365.89 11.4011 0.980538
71 200.81 3994.87 7.88201 0.268312
72 4245.43 2509.69 14.1136 0.34783
73 1428.57 3758.51 9.91816 0.255457
74 1342.05 1871.24 5.60203 0.184609
75 1945.4 4732.96 10.7948 0.24162
76 854.06 1000.4 13.512 0.290497
77 1649.83 4080.48 14.9031 0.420442
78 3220.31 301.83 5.22678 0.368515
79 1663.87 3925.6 9.83777 0.973865
80 3095.49 227.97 14.9883 0.473805
81 4880.83 336.92 5.63182 0.430448
82 527.36 3371.99 7.17979 0.733936
83 2811.37 3414.26 8.38734 0.527606
84 3824.43 1491.44 8.16064 0.393257
85 2634.97 1757.71 10.6741 0.243846
86 4266.79 1997.28 10.2945 0.157707
87 862.61 2106.39 7.68742 0.412028
88 322.28 934.02 11.4565 0.587612
89 2517.47 2421.19 6.29011 0.528541
90 1518.6 1987.21 7.23267 0.184112
91 2238.23 4198.28 7.33693 0.573236
92 4630.12 3547.17 10.2008 0.680757
93 1213.87 2290.41 6.61106 0.243287
94 2335.58 3360.24 12.9763 1.23389
95 1354.41 3021.94 14.9312 0.447066
96 2004 2799.62 10.9619 0.351013
97 603.35 3873.1 5.39526 0.830979
98 4761.35 286.11 8.05087 1.31767
99 800.04 519.27 13.8843 0.645449
