30 50
0 4102.45 4377.57 236.671
1 453.96 959.5 144.799
2 2415.08 4100.47 182.217
3 3483.69 1729.94 162.361
4 1160.01 2792.14 189.05
5 3341.62 2219 156.988
6 920.44 580.77 53.8951
7 1510.21 4876.55 36.1324
8 1155.58 1160.77 206.518
9 3188.88 2759.18 174.246
10 4230.78 330.06 223.191
11 4803.92 2625.05 163.928
12 4259.62 85.45 215.3
13 4850 3036.29 212.023
14 918.76 2805.41 242.017
15 4465.77 3254.49 156.589
16 889.31 2551.5 170.769
17 1654.26 1207.16 223.148
18 2080.14 3021.33 206.529
19 550.1 1308.63 145.819
20 3292.18 4181.65 212.649
21 4644 414.9 109.879
22 4477.37 2115.85 194.666
23 365.46 2694.78 146.819
24 250.71 4114.66 194.76
25 4937.44 1698.66 90.5994
26 1809.44 3542.28 75.9881
27 4900.05 405.13 99.7856
28 4916.99 1509.45 213.973
29 4217.81 2528.61 185.659
0 3682.52 1081.73 10.7021 0.607557
1 4623.1 3761.25 6.81178 0.615569
2 3620.56 41.66 10.8454 1.22259
3 1821.5 3729.82 6.54494 0.378075
4 2625.97 480.36 9.2517 1.21362
5 571.15 4988.25 7.77636 0.49167
6 3214.36 4971.31 11.6526 0.280057
7 293.59 347.61 8.24748 1.41694
8 1220.44 699.64 8.41306 0.915153
9 2862.18 1398.36 10.697 0.709229
10 2747.28 4242.23 11.9251 0.319689
11 1391.49 2763.15 11.1246 0.661463
12 4522.69 1120.18 10.4508 0.459999
13 4701.22 4333.93 14.733 0.437808
14 321.67 2160.1 13.5764 0.3492
15 1358.84 4764.85 11.9906 0.608279
16 3607.9 1191.9 14.0593 0.561306
17 4710.99 2007.81 12.8806 0.199075
18 4053.16 1116.82 5.07528 0.597179
19 2804.5 4170.35 8.12876 0.206067
20 3089.54 2875.15 7.80019 0.0953775
21 4608.75 1476.18 14.0755 0.717722
22 1151.62 4345.38 13.8926 0.39828
23 1441.08 2611.47 14.3835 0.206364
24 1763.82 3706.93 11.3703 0.526692
25 5.8 1236.15 9.33912 1.09508
26 129.55 4297.16 7.39685 0.631645
27 948.36 943.94 6.5804 0.661892
28 1379.44 492.26 9.88985 0.761957
29 4334.7 4448.99 13.6308 0.210962
30 1133 1647.24 12.3559 0.388449
31 960.72 283.36 7.4626 0.69435
32 3531.75 3621.33 13.2102 0.239905
33 898.01 2786.65 6.70735 0.322834
34 4398.94 4923.55 11.9325 0.619931
35 3181.55 3664.82 5.13332 0.433923
36 4682.3 2009.49 14.586 0.364881
37 3046.51 905.64 8.78302 0.554915
38 1836.91 758.69 10.2041 0.872397
39 620.75 3327.59 14.3201 0.424672
40 4303.57 3665.27 5.23716 0.371899
41 2477.95 1543.93 6.87311 0.976389
42 1737.42 4771.87 12.1752 0.686803
43 4958.49 3626.21 10.6298 0.469847
44 1148.26 1880.55 14.8519 0.792582
45 663.93 1243.78 9.52793 0.275685
46 1602.22 3069.7 12.7273 0.567152
47 2032.84 4565.26 7.51425 0.383044
48 2644.73 2047.64 5.93841 1.00573
49 3400.68 1699.42 10.0569 0.22125
