20 50
0 2007.66 2861.42 143.452
1 4069.19 3413.95 81.8191
2 1151.01 4098.94 175.511
3 3856.01 49.75 165.816
4 3771.94 2098.76 124.692
5 1927.09 650.35 75.4238
6 4452.96 1836.76 108.22
7 4685.51 4514.45 93.3267
8 2273.02 2649.77 136.15
9 1896.42 1518.75 75.3649
10 2583.85 1034.42 173.251
11 3916.44 3555.71 122.131
12 3326.06 4822.53 157.585
13 4792.17 3359.94 105.222
14 4167.61 3888.97 187.948
15 759.76 2137.67 152.099
16 4246.5 50.51 48.6466
17 1175.73 4898.83 174.438
18 1797.54 1310.16 121.434
19 1410.11 4900.51 82.5312
0 4560.53 3050.63 12.5299 0.368197
1 691.55 4780.11 8.81692 0.457647
2 4944.61 4268.17 14.7148 1.00881
3 3024.99 533.62 12.6141 1.3967
4 2282.33 4873.65 12.6632 1.26955
5 4103.52 1357.46 12.0331 1.76366
6 4401.07 4445.02 12.8303 1.31029
7 3515.88 1016.27 7.83937 2.4573
8 4910.43 4938.35 8.56528 0.741123
9 4537.19 4756.46 11.6848 1.10168
10 359.2 2343.52 14.8352 1.26529
11 4785.3 457.93 5.35239 1.84156
12 2402.42 3311.41 14.3172 0.205905
13 1967.07 4525.13 14.5023 0.398003
14 756.25 4406.87 14.0025 0.221733
15 1742.15 1416.52 9.75851 0.503835
16 229.96 4145.18 14.9223 1.55221
17 2238.07 3227.48 9.40857 0.426524
18 2607.04 469.37 13.1878 1.06443
19 2245.86 3224.89 14.5727 0.732897
20 1663.26 3821.22 10.4599 0.896118
21 2630.54 4744.41 9.33137 1.9658
22 2101.2 3465.22 11.0376 0.89854
23 2983.95 4355.3 9.4858 1.52494
24 680.41 2220.53 11.1193 0.674193
25 3053.07 698.72 7.35172 0.324971
26 327.16 2258.06 12.4388 0.33083
27 976.59 2906.74 9.64771 0.471298
28 503.86 2117.37 8.83678 0.766977
29 2857.6 6.41 10.4717 0.904332
30 4619.13 2600.48 6.84396 0.4667
31 705.89 218.51 10.8988 1.16606
32 2759.94 1699.73 9.52635 1.47373
33 3281.66 1552.63 5.47136 0.909091
34 528.89 1214.33 5.98665 0.296519
35 1869.26 2609.03 7.04178 0.165856
36 2263.86 212.87 7.11106 1.00858
37 514.69 4991.76 5.92033 0.456453
38 4425.34 2998.44 10.7575 0.403652
39 2758.26 1237.98 9.94818 0.369932
40 2430.19 1729.79 6.28764 1.19839
41 4389.63 4673.6 6.02568 0.710167
42 1714.99 1360.36 10.2323 0.333217
43 4262.98 95.68 5.92844 0.381465
44 1307.87 2044.89 14.5096 1.2044
45 2697.99 1694.69 6.19614 1.38588
46 691.7 1674.25 13.9841 0.591368
47 4500.56 2116 7.98993 0.424571
48 3240.46 3693.96 5.60059 1.23062
49 1133.15 4073.15 7.73104 0.520818
