40 100
0 2498.55 891.14 315.011
1 1996.52 4506.21 374.328
2 2975.25 1652.12 63.2142
3 4636.22 2338.18 354.564
4 673.39 4631.95 240.456
5 3499.1 4267.1 339.96
6 3562.43 2253.94 350.783
7 4822.69 3556.32 313.739
8 3425.09 1944.94 341.456
9 500.2 4507.89 143.588
10 4907.68 4613.03 235.468
11 768.61 27.77 41.5214
12 943.94 3997.31 193.168
13 4285.87 2015.9 130.192
14 4715.26 1416.82 322.047
15 2008.73 357.07 303.179
16 796.99 2951.75 99.4536
17 3776.36 3799.1 108.216
18 653.55 3586.38 232.958
19 4002.96 3495.28 351.531
20 133.82 347.3 188.546
21 390.33 2495.19 364.168
22 4124.73 3966.8 70.5057
23 2063.05 1963.56 325.378
24 1019.62 1102.33 325.639
25 1033.51 2408.52 286.126
26 2158.12 1644.34 180.583
27 3403.88 701.16 344.938
28 3891.42 3143.41 123.932
29 4210.49 1168.4 148.553
30 2431.56 1887.11 341.637
31 2317.58 1537.06 51.6369
32 4140.75 2659.54 343.327
33 4264.5 2015.44 301.291
34 1414.53 1712.39 203.07
35 3475.91 3288.52 257.606
36 1819.97 4981.38 195.164
37 3739.43 1711.63 45.329
38 638.45 1077 301.178
39 3355.51 2482.99 366.927
0 4560.08 1410.41 8.57783 0.188927
1 2965.64 1108.13 10.1261 0.162215
2 3370.62 3668.94 14.8125 0.917033
3 2550.13 980.41 7.38555 0.188222
4 4763.02 811.79 7.90899 0.0168531
5 4126.1 1350.75 6.64346 0.843287
6 1022.83 1920.22 5.37341 0.908249
7 129.55 3370.77 7.59052 0.546383
8 818.2 2126.83 7.59499 1.11056
9 4257.79 1166.72 11.9454 0.0191272
10 3617.51 4981.38 14.7102 2.37775
11 2494.13 4387.8 9.56463 0.0597574
12 174.11 1623.89 6.66422 0.346548
13 3715.63 2011.02 8.16378 0.0258023
14 4231.7 1296.27 13.2879 0.422791
15 1284.22 3191.32 6.79341 1.03733
16 3104.34 220.65 7.61949 0.378202
17 4532.76 3429.67 13.9026 1.43824
18 2293.31 3381.91 6.77628 1.74347
19 1547.14 1847.44 5.58823 0.0419438
20 1789.76 1237.53 12.7743 1.03971
21 2157.66 2845.09 6.5845 1.72746
22 4225.9 894.34 13.1565 0.827792
23 2536.85 2925.81 7.77353 0.269799
24 2525.71 3776.67 10.3165 2.73655
25 318.92 967.28 12.2612 0.618644
26 2217.02 4320.66 14.9044 0.673305
27 1640.52 2722.1 12.3339 0.945532
28 1054.11 1725.82 7.85407 1.08536
29 4012.73 2827.23 14.7816 0.599167
30 1114.23 4294.56 12.2874 0.0203306
31 1428.88 105.59 5.93673 1.19065
32 1019.78 3388.32 12.5538 0.0385598
33 615.71 4438.76 11.4031 0.437733
34 3443.71 1538.44 12.297 0.969203
35 4832.45 992.77 11.0759 1.56428
36 553.76 1734.98 7.49879 1.60767
37 4124.73 81.94 8.99216 1.24488
38 2554.7 2429.88 5.18711 1.34508
39 3441.57 3443.86 13.1445 0.718658
40 1979.13 284.59 8.75639 0.0690073
41 2518.08 215.31 14.0538 0.973478
42 3889.74 192.42 12.9798 1.22679
43 3933.07 3385.72 7.70266 0.879737
44 4643.54 4607.68 12.8193 1.07217
45 3245.64 9.16 9.38541 0.0162777
46 4378.49 1712.55 6.22769 0.36533
47 2620.32 959.81 7.16292 0.151098
48 876.03 4454.33 7.58082 1.06595
49 1841.33 3506.88 12.9977 1.44897
50 4957.88 4980.77 7.60126 1.91664
51 3129.52 2495.04 5.26431 0.340221
52 69.89 1509.29 10.2055 0.319948
53 3661.15 3409.22 13.7317 0.80573
54 1215.86 2157.96 7.70944 0.660848
55 2200.08 3104.8 12.4318 2.31664
56 888.55 2770.47 9.66428 0.406809
57 3746.91 1485.49 6.82154 0.65909
58 2162.08 3267.31 9.03373 2.51323
59 3611.1 4910.12 9.27749 2.45029
60 1597.95 4552.6 14.6849 0.373528
61 4814.45 4607.84 12.242 1.10748
62 2121.04 509.81 7.43165 0.481732
63 230.72 886.56 7.89349 0.350023
64 3523.97 2116.31 5.87791 0.856604
65 3366.8 1411.63 9.31989 0.72336
66 752.89 3207.04 14.3217 0.457197
67 4193.7 4338.66 9.27696 1.2522
68 2634.36 4922.33 14.2502 0.0745383
69 3932.46 4581.13 14.7134 0.677662
70 1196.94 3365.89 14.4538 0.761447
71 200.81 3994.87 11.9808 0.576761
72 4245.43 2509.69 13.0492 0.159911
73 1428.57 3758.51 10.6282 0.577391
74 1342.05 1871.24 10.3441 0.717188
75 1945.4 4732.96 13.3814 1.34847
76 854.06 1000.4 13.5229 0.0343445
77 1649.83 4080.48 8.58041 0.279643
78 3220.31 301.83 12.1211 0.0289752
79 1663.87 3925.6 12.8473 2.06386
80 3095.49 227.97 8.05565 0.147984
81 4880.83 336.92 7.43407 2.5582
82 527.36 3371.99 11.1245 0.0210555
83 2811.37 3414.26 11.1212 2.06544
84 3824.43 1491.44 5.33453 0.190543
85 2634.97 1757.71 10.7165 0.80851
86 4266.79 1997.28 14.1381 0.0319633
87 862.61 2106.39 5.02962 0.849062
88 322.28 934.02 10.037 1.04499
89 2517.47 2421.19 10.5086 0.0691443
90 1518.6 1987.21 7.63478 0.763264
91 2238.23 4198.28 13.425 1.35183
92 4630.12 3547.17 14.9189 1.00458
93 1213.87 2290.41 7.95091 0.769237
94 2335.58 3360.24 9.07251 1.53971
95 1354.41 3021.94 11.7382 1.74938
96 2004 2799.62 13.9579 0.378463
97 603.35 3873.1 13.312 0.45191
98 4761.35 286.11 14.2441 2.37651
99 800.04 519.27 11.2555 1.37578
