30 50
0 1152.07 2258.22 43.444
1 1393.63 1878.41 97.0878
2 3496.05 1689.96 94.831
3 3678.55 3370.46 121.968
4 3716.09 2732.78 120.037
5 3068.48 4764.55 93.8585
6 4484.69 4647.05 123.442
7 2448.81 2905.21 97.6551
8 1266.52 543.23 120.572
9 1474.2 4368.11 115.423
10 216.68 1812.04 91.5016
11 3905.91 1572.77 107.558
12 464.49 4398.17 97.0772
13 4411.45 509.35 75.9843
14 1562.4 4578.08 40.4464
15 1858.88 3980.53 120.092
16 4382.92 4395.28 93.6205
17 3636.43 1767.33 123.588
18 1243.32 4409.31 88.9832
19 3028.05 1628.01 80.1178
20 3541.22 3917.05 28.8076
21 4177.83 2529.07 86.0441
22 2679.68 1298.87 76.335
23 1672.87 4021.73 117.248
24 2566.15 4650.11 49.0777
25 4277.47 3166.3 83.4478
26 4463.64 349.89 60.0151
27 4847.1 2911.47 106.924
28 2476.88 4728.69 84.2205
29 957.37 3335.83 82.9428
0 3682.97 2721.79 8.79989 0.653406
1 2348.86 2432.94 7.46575 1.05296
2 194.25 640.74 13.8039 2.61562
3 2296.52 3283.18 7.88704 1.28282
4 145.27 4542.37 6.41101 0.824211
5 548.57 4994.96 13.9266 0.902409
6 1592.46 2495.96 8.09369 0.706163
7 3679.92 2993.41 7.67934 0.182631
8 312.51 3511.15 12.799 0.685089
9 3141.58 4987.95 5.65951 1.50018
10 4489.12 1604.36 9.507 0.936318
11 3682.67 3833.58 11.1533 1.00031
12 1750.85 2807.55 5.18885 0.842774
13 2952.51 1847.9 13.3527 0.623278
14 1846.52 270.55 11.6447 1.43575
15 1816.77 2990.05 11.4332 0.324509
16 733.51 116.28 12.1185 1.39022
17 2416.3 1805.78 12.802 0.357189
18 4366.74 3204.6 10.163 0.524471
19 3503.22 547.65 11.8697 1.55073
20 2963.04 458.85 8.6503 1.78234
21 81.64 3375.5 7.19845 0.976054
22 4027.22 1916.1 8.81959 1.04561
23 1888.18 4040.8 7.73456 0.211118
24 4918.67 2150.79 11.3554 1.55078
25 2739.95 967.59 8.09703 1.21473
26 3240 2234.57 13.5183 1.80567
27 284.43 1128.57 12.3992 1.09715
28 829.34 883.82 7.41383 1.65783
29 3179.57 1628.16 5.389 0.90439
30 4637.9 4953.46 11.9324 0.781577
31 237.74 396.28 9.95907 0.620358
32 271.77 1932.74 7.24436 0.332393
33 3563.95 4900.66 10.7728 0.522517
34 1484.12 4599.44 10.3928 0.647692
35 218.36 280.92 14.8296 1.45386
36 1392.25 487.53 14.2024 0.70962
37 4436.78 815.3 7.5193 1.64904
38 3707.54 1327.25 6.4275 1.40976
39 4937.59 1121.71 5.27214 1.91877
40 4754.63 110.32 13.2784 1.33044
41 4349.5 1002.23 6.26912 1.91711
42 4562.82 939.66 10.0485 0.775783
43 288.4 336.31 10.6155 1.81413
44 2812.74 4317.91 6.13615 0.486778
45 116.28 2929.32 10.7664 1.52695
46 2915.43 3031.25 12.8558 0.648466
47 3913.08 721.3 7.70527 0.634298
48 9 1287.27 5.6464 0.269056
49 2692.5 2265.69 10.5443 1.775
