20 75
0 1285.44 1200.45 214.131
1 3508.1 2808.31 139.879
2 1596.88 1586.66 68.1811
3 780.21 3521.07 211.302
4 3403.42 4732.81 189.372
5 4444.26 1826.69 218.975
6 4784.84 4126.71 231.001
7 3354.75 703.15 154.033
8 675.98 853.6 160.122
9 4082.46 3459.73 127.557
10 4589.83 1556.44 202.546
11 2658.93 1622.67 242.244
12 581.84 661.95 277.883
13 3520.62 1230.66 77.3085
14 4992.68 3282.57 76.9383
15 1431.17 192.72 78.6156
16 4994.96 2696.46 205.893
17 4662.77 1869.26 179.958
18 3480.18 3816.34 71.0948
19 218.51 2527.09 118.586
0 4560.53 3050.63 13.2973 1.22366
1 691.55 4780.11 10.102 0.795757
2 4944.61 4268.17 9.81399 0.305722
3 3024.99 533.62 13.4101 1.07219
4 2282.33 4873.65 13.6935 2.15281
5 4103.52 1357.46 10.6747 0.621358
6 4401.07 4445.02 8.07244 1.71092
7 3515.88 1016.27 14.2892 0.193359
8 4910.43 4938.35 7.56354 1.98488
9 4537.19 4756.46 9.07391 0.288281
10 359.2 2343.52 11.7698 0.399096
11 4785.3 457.93 13.1678 0.736315
12 2402.42 3311.41 13.0155 2.36627
13 1967.07 4525.13 14.9312 1.56581
14 756.25 4406.87 14.6725 1.94463
15 1742.15 1416.52 8.50783 0.217797
16 229.96 4145.18 9.48171 0.992945
17 2238.07 3227.48 8.37595 2.59805
18 2607.04 469.37 6.01768 1.98523
19 2245.86 3224.89 7.51494 2.85167
20 1663.26 3821.22 7.0676 2.0399
21 2630.54 4744.41 7.00644 2.63707
22 2101.2 3465.22 5.24834 2.09896
23 2983.95 4355.3 8.86151 1.56863
24 680.41 2220.53 7.84569 1.59028
25 3053.07 698.72 5.06743 0.156513
26 327.16 2258.06 5.39057 0.256329
27 976.59 2906.74 7.29171 1.39795
28 503.86 2117.37 6.42634 0.806822
29 2857.6 6.41 6.1858 0.892351
30 4619.13 2600.48 12.7996 1.98054
31 705.89 218.51 9.9349 0.958616
32 2759.94 1699.73 9.16248 0.155436
33 3281.66 1552.63 11.2216 0.286406
34 528.89 1214.33 8.49144 0.719544
35 1869.26 2609.03 8.49895 0.271638
36 2263.86 212.87 6.24361 1.12628
37 514.69 4991.76 14.7831 1.01451
38 4425.34 2998.44 6.13832 1.88012
39 2758.26 1237.98 13.2655 1.04878
40 2430.19 1729.79 12.5561 0.413019
41 4389.63 4673.6 12.1351 2.11513
42 1714.99 1360.36 6.47598 0.103263
43 4262.98 95.68 13.5035 0.908982
44 1307.87 2044.89 12.1834 0.679074
45 2697.99 1694.69 7.60768 0.176522
46 691.7 1674.25 10.1171 0.859271
47 4500.56 2116 13.3798 1.47162
48 3240.46 3693.96 12.6491 0.959995
49 1133.15 4073.15 11.8155 1.09059
50 2007.66 2861.42 13.4233 0.707748
51 4069.19 3413.95 10.5352 1.06185
52 1151.01 4098.94 9.97569 0.606906
53 3856.01 49.75 8.95487 1.88705
54 3771.94 2098.76 5.01781 1.32573
55 1927.09 650.35 8.23362 0.633548
56 4452.96 1836.76 5.63848 0.83555
57 4685.51 4514.45 9.16693 0.744317
58 2273.02 2649.77 9.22468 1.61634
59 1896.42 1518.75 12.4652 0.461083
60 2583.85 1034.42 14.4956 0.18322
61 3916.44 3555.71 7.42505 0.838233
62 3326.06 4822.53 6.81988 1.20984
63 4792.17 3359.94 10.4909 0.69101
64 4167.61 3888.97 9.17155 0.773196
65 759.76 2137.67 10.4897 0.757914
66 4246.5 50.51 11.7055 2.58778
67 1175.73 4898.83 8.09018 3.01065
68 1797.54 1310.16 12.6071 0.323192
69 1410.11 4900.51 11.845 1.02195
70 1445.97 3101.29 10.0657 1.26494
71 4734.79 1108.89 8.92129 0.226946
72 2447.74 1692.71 6.07787 0.317456
73 2735.98 85.3 12.0471 0.926764
74 3657.49 2406.69 10.3227 1.32102
