50 25
0 4865.72 698.26 25.875
1 4589.37 2467.88 24.5199
2 1522.42 4752.8 44.6467
3 987.43 685.45 52.295
4 346.23 712.15 29.2258
5 2231.51 336.47 14.0439
6 3987.85 3772.39 59.9292
7 795.01 2323.22 9.27951
8 2271.49 4363.99 18.4265
9 3170.26 1311.99 46.4495
10 1268.81 1560.56 75.0542
11 2773.83 2640.92 63.7899
12 700.86 1494.19 45.2809
13 2824.03 4314.4 8.05875
14 1078.07 1562.4 46.065
15 1843.32 1118.05 74.6562
16 4481.49 3707.54 18.8314
17 1946.32 383.47 17.0794
18 393.54 2550.13 21.6768
19 2564.93 1434.22 70.4413
20 484.94 1656.39 66.4099
21 4770.65 3245.49 79.6218
22 3760.34 3721.88 14.6612
23 3848.69 2347.33 29.9057
24 973.08 2952.21 68.6184
25 279.24 503.71 54.9302
26 4714.96 423.29 46.8164
27 1785.33 4197.97 63.398
28 4083.53 700.09 24.2289
29 1598.41 455.79 25.2181
30 337.69 496.69 79.4134
31 603.66 1038.39 28.7459
32 2444.99 2659.23 22.5747
33 3517.26 4534.75 45.616
34 3927.73 1251.72 16.9471
35 1752.37 3386.33 17.9534
36 4914.55 1027.41 35.4876
37 3132.72 374.77 46.4168
38 803.25 2064.73 31.172
39 1106.6 1603.6 60.4561
40 1441.24 2852.26 40.9989
41 3619.5 504.32 42.7724
42 2228.77 2600.63 66.2169
43 4300.97 4900.97 10.9192
44 1054.26 1065.4 45.6752
45 1123.08 1660.51 54.2956
46 2464.37 1660.36 60.2504
47 185.25 965.3 60.8608
48 2976.62 1143.22 41.6865
49 4781.64 4732.05 20.3607
0 2492.14 4399.85 5.18608 0.531579
1 1881.77 980.71 7.31988 0.605603
2 3070.16 4080.48 13.7964 0.990561
3 403 2308.42 12.9434 0.382172
4 4672.69 3736.38 10.5679 0.460083
5 4382.76 2512.89 14.9564 0.257801
6 4669.94 790.58 11.7767 0.0892263
7 451.22 2506.33 10.0769 0.274129
8 414.59 413.68 7.76721 0.321725
9 3909.42 1447.65 6.02931 0.311858
10 1747.64 3633.23 8.17817 0.924807
11 2527.7 968.35 10.396 0.51746
12 1442.61 1622.21 7.91875 0.649359
13 1801.51 34.49 8.92579 0.665979
14 3746.76 704.21 14.0166 0.171352
15 3066.65 1223.79 13.132 0.365916
16 3673.51 99.19 8.60414 0.498765
17 3382.06 1700.34 10.4197 0.520586
18 2203.13 1946.32 8.47854 0.178311
19 3588.52 4668.26 8.89282 0.416144
20 48.52 633.56 11.563 0.435223
21 3444.32 4584.34 9.88217 0.249558
22 140.54 964.38 11.4641 0.541405
23 250.4 1911.98 5.92551 0.245546
24 1490.98 2194.59 13.5246 0.871818
