30 75
0 4937.44 1698.66 77.4385
1 1809.44 3542.28 160.592
2 4900.05 405.13 127.686
3 4916.99 1509.45 147.536
4 4217.81 2528.61 107.779
5 4107.18 4885.1 155.615
6 3372.14 865.66 48.0565
7 767.08 2674.49 100.974
8 3346.05 966.52 87.6667
9 251.17 301.52 40.4168
10 907.47 907.77 178.508
11 685.45 3820.46 114.356
12 4099.09 450.76 63.5936
13 3618.12 3589.13 102.73
14 4338.05 366.53 167.322
15 4170.66 4440.29 176.348
16 4033.63 206.61 127.59
17 848.87 1874.6 146.962
18 1129.03 303.51 60.0922
19 2667.32 1312.6 66.4953
20 4473.56 1280.86 68.2957
21 3744.01 4933.16 84.2796
22 1429.64 1853.85 98.014
23 3023.77 3131.05 146.454
24 1624.2 3202.76 74.8387
25 4282.82 127.11 107.064
26 3248.08 699.18 161.465
27 4073.92 757.16 187.978
28 809.96 1268.35 73.2861
29 2767.57 2975.25 174.355
0 3682.52 1081.73 6.11311 0.173071
1 4623.1 3761.25 6.6949 1.20038
2 3620.56 41.66 14.1506 0.270083
3 1821.5 3729.82 14.9198 0.506448
4 2625.97 480.36 7.23792 0.767561
5 571.15 4988.25 9.86982 1.78486
6 3214.36 4971.31 7.12424 0.103203
7 293.59 347.61 11.5212 0.236164
8 1220.44 699.64 9.81005 0.159587
9 2862.18 1398.36 7.98407 0.565602
10 2747.28 4242.23 9.02729 0.380212
11 1391.49 2763.15 8.97841 0.00269278
12 4522.69 1120.18 9.17326 0.12218
13 4701.22 4333.93 11.5182 0.0262533
14 321.67 2160.1 13.4518 0.680234
15 1358.84 4764.85 7.43357 1.48623
16 3607.9 1191.9 5.7996 0.211605
17 4710.99 2007.81 10.1847 0.150494
18 4053.16 1116.82 9.00744 0.371888
19 2804.5 4170.35 13.1267 0.509424
20 3089.54 2875.15 8.22023 0.0576131
21 4608.75 1476.18 8.77481 0.0468195
22 1151.62 4345.38 14.6538 1.04226
23 1441.08 2611.47 7.16756 0.812784
24 1763.82 3706.93 10.1806 0.352043
25 5.8 1236.15 8.61111 1.03589
26 129.55 4297.16 10.3456 0.387626
27 948.36 943.94 13.0178 0.0433268
28 1379.44 492.26 13.4035 0.862468
29 4334.7 4448.99 7.27548 0.390696
30 1133 1647.24 7.12714 0.572146
31 960.72 283.36 14.1228 0.0664187
32 3531.75 3621.33 13.3841 0.231868
33 898.01 2786.65 11.4217 0.867179
34 4398.94 4923.55 5.88825 0.0104316
35 3181.55 3664.82 12.113 0.136777
36 4682.3 2009.49 12.4309 0.166985
37 3046.51 905.64 11.0166 0.516121
38 1836.91 758.69 13.5266 0.182775
39 620.75 3327.59 9.60727 0.232372
40 4303.57 3665.27 8.04288 0.656144
41 2477.95 1543.93 7.85418 0.242576
42 1737.42 4771.87 12.6217 0.8436
43 4958.49 3626.21 9.93684 0.204682
44 1148.26 1880.55 8.12164 0.140647
45 663.93 1243.78 5.19029 0.817581
46 1602.22 3069.7 7.01956 0.732499
47 2032.84 4565.26 5.25469 0.67949
48 2644.73 2047.64 6.06955 0.328748
49 3400.68 1699.42 9.46634 1.01423
50 4102.45 4377.57 5.54192 0.531867
51 453.96 959.5 7.10946 0.691709
52 2415.08 4100.47 14.6274 0.366595
53 3483.69 1729.94 11.9199 0.38957
54 1160.01 2792.14 5.80604 0.644093
55 3341.62 2219 10.0381 0.0973541
56 920.44 580.77 7.9262 0.907488
57 1510.21 4876.55 9.43518 0.671869
58 1155.58 1160.77 9.44938 0.492183
59 3188.88 2759.18 7.12509 0.429581
60 4230.78 330.06 5.2002 0.345638
61 4803.92 2625.05 7.64117 0.039662
62 4259.62 85.45 14.1839 0.199358
63 4850 3036.29 13.935 0.672313
64 918.76 2805.41 11.3991 0.66205
65 4465.77 3254.49 12.957 0.824638
66 889.31 2551.5 13.9638 0.520181
67 1654.26 1207.16 12.6575 0.860076
68 2080.14 3021.33 12.934 0.337574
69 550.1 1308.63 11.4404 0.0383606
70 3292.18 4181.65 6.02907 0.823022
71 4644 414.9 5.53674 0.396803
72 4477.37 2115.85 12.5866 0.495863
73 365.46 2694.78 8.46205 0.536951
74 250.71 4114.66 12.906 1.26994
