20 50
0 4957.88 4980.77 111.581
1 3129.52 2495.04 363.312
2 69.89 1509.29 227.707
3 3661.15 3409.22 284.369
4 1215.86 2157.96 200.062
5 2200.08 3104.8 69.3571
6 888.55 2770.47 92.0451
7 3746.91 1485.49 171.519
8 2162.08 3267.31 48.7874
9 3611.1 4910.12 256.762
10 1597.95 4552.6 244.462
11 4814.45 4607.84 135.192
12 2121.04 509.81 87.5762
13 230.72 886.56 66.8666
14 3523.97 2116.31 102.725
15 3366.8 1411.63 256.231
16 752.89 3207.04 317.484
17 4193.7 4338.66 188.293
18 2634.36 4922.33 142.585
19 3932.46 4581.13 185.437
0 4560.08 1410.41 11.5247 1.41473
1 2965.64 1108.13 10.4591 0.883121
2 3370.62 3668.94 13.6137 0.51967
3 2550.13 980.41 5.2234 0.495296
4 4763.02 811.79 9.01517 0.844607
5 4126.1 1350.75 5.03684 0.310339
6 1022.83 1920.22 8.48639 0.380067
7 129.55 3370.77 5.04412 0.377507
8 818.2 2126.83 8.46224 0.717728
9 4257.79 1166.72 7.36723 0.765898
10 3617.51 4981.38 5.06318 0.290027
11 2494.13 4387.8 8.79367 0.763908
12 174.11 1623.89 11.0119 1.10787
13 3715.63 2011.02 7.30289 0.710613
14 4231.7 1296.27 14.9929 1.12094
15 1284.22 3191.32 8.91021 0.437398
16 3104.34 220.65 11.5392 1.7175
17 4532.76 3429.67 13.0663 0.562185
18 2293.31 3381.91 14.8496 0.645507
19 1547.14 1847.44 8.6907 0.856041
20 1789.76 1237.53 14.0269 1.67841
21 2157.66 2845.09 9.65624 0.663163
22 4225.9 894.34 7.75648 0.463969
23 2536.85 2925.81 13.2595 0.829802
24 2525.71 3776.67 13.1698 0.777757
25 318.92 967.28 5.51178 0.797407
26 2217.02 4320.66 12.6684 0.584892
27 1640.52 2722.1 11.846 0.379366
28 1054.11 1725.82 7.03654 1.17299
29 4012.73 2827.23 8.63694 0.554153
30 1114.23 4294.56 6.86208 0.540847
31 1428.88 105.59 10.5452 0.950985
32 1019.78 3388.32 5.17969 0.4698
33 615.71 4438.76 8.94896 1.11228
34 3443.71 1538.44 12.6851 0.514733
35 4832.45 992.77 10.2275 0.858763
36 553.76 1734.98 7.17455 0.741673
37 4124.73 81.94 14.1886 1.02386
38 2554.7 2429.88 6.36307 0.322327
39 3441.57 3443.86 12.0193 0.209833
40 1979.13 284.59 7.97784 1.06983
41 2518.08 215.31 10.4248 0.654152
42 3889.74 192.42 13.6677 1.74514
43 3933.07 3385.72 14.9963 0.540793
44 4643.54 4607.68 7.03319 0.112627
45 3245.64 9.16 8.71242 1.22107
46 4378.49 1712.55 5.07347 0.486769
47 2620.32 959.81 9.96207 0.535543
48 876.03 4454.33 12.8334 0.409147
49 1841.33 3506.88 11.9592 0.58094
