30 100
0 4282.82 127.11 167.514
1 3248.08 699.18 298.256
2 4073.92 757.16 374.881
3 809.96 1268.35 420.844
4 2767.57 2975.25 481.93
5 753.2 2165.44 469.651
6 1344.04 3100.68 397.511
7 3838.01 4451.43 337.171
8 4094.21 3341.32 332.4
9 699.64 1945.25 123.397
10 4884.95 3622.24 493.383
11 4485.76 3938.11 420.329
12 2145.3 2252.57 481.539
13 1979.13 2445.91 316.558
14 228.89 2462.69 385.308
15 2115.24 2287.06 328.23
16 2310.86 4340.19 278.69
17 3296 4761.65 414.992
18 2472.15 4197.82 476.271
19 3410.9 3215.28 342.95
20 2132.18 905.48 230.594
21 3967.71 1271.25 471.424
22 3481.25 1215.4 255.096
23 2242.35 2007.2 460.991
24 71.87 3612.48 95.3555
25 2851.19 3861.81 324.985
26 2225.41 2721.49 279.373
27 2653.89 1550.8 374.085
28 2407.76 3802.91 162.129
29 393.08 2774.59 480.713
0 3682.52 1081.73 10.2716 0.293865
1 4623.1 3761.25 14.9179 0.310569
2 3620.56 41.66 14.7928 0.485562
3 1821.5 3729.82 6.66436 1.03915
4 2625.97 480.36 5.66519 0.460743
5 571.15 4988.25 14.4678 1.27992
6 3214.36 4971.31 13.6973 0.426582
7 293.59 347.61 5.36696 1.62924
8 1220.44 699.64 8.12427 0.888939
9 2862.18 1398.36 13.6042 0.492674
10 2747.28 4242.23 7.58497 0.649597
11 1391.49 2763.15 14.4266 0.9434
12 4522.69 1120.18 8.26382 0.643254
13 4701.22 4333.93 12.8475 1.00782
14 321.67 2160.1 5.05481 0.578166
15 1358.84 4764.85 5.50132 1.50276
16 3607.9 1191.9 14.1759 0.151478
17 4710.99 2007.81 9.07642 0.937419
18 4053.16 1116.82 12.7771 0.359129
19 2804.5 4170.35 6.70429 0.446388
20 3089.54 2875.15 12.029 0.431038
21 4608.75 1476.18 8.62561 0.335887
22 1151.62 4345.38 12.0642 1.57014
23 1441.08 2611.47 7.84643 0.896674
24 1763.82 3706.93 12.2035 1.13143
25 5.8 1236.15 7.12756 0.606956
26 129.55 4297.16 11.9991 0.627405
27 948.36 943.94 8.11473 0.279262
28 1379.44 492.26 5.86433 0.667894
29 4334.7 4448.99 11.5288 0.666879
30 1133 1647.24 11.2029 0.478509
31 960.72 283.36 13.7689 1.11903
32 3531.75 3621.33 14.1293 0.319096
33 898.01 2786.65 14.7736 0.868412
34 4398.94 4923.55 11.5294 0.84318
35 3181.55 3664.82 12.5674 0.837297
36 4682.3 2009.49 12.7498 0.890712
37 3046.51 905.64 13.7608 0.144774
38 1836.91 758.69 11.1929 0.699643
39 620.75 3327.59 6.95722 0.481773
40 4303.57 3665.27 7.17487 0.395905
41 2477.95 1543.93 5.53327 0.343254
42 1737.42 4771.87 9.53979 1.06733
43 4958.49 3626.21 8.88157 0.44753
44 1148.26 1880.55 10.8276 0.890031
45 663.93 1243.78 5.59534 0.524553
46 1602.22 3069.7 6.89509 0.360066
47 2032.84 4565.26 11.5999 0.993728
48 2644.73 2047.64 5.50695 0.519152
49 3400.68 1699.42 5.43918 0.455054
50 4102.45 4377.57 5.04048 0.596054
51 453.96 959.5 9.06072 0.672077
52 2415.08 4100.47 9.94314 0.454868
53 3483.69 1729.94 7.57476 0.606756
54 1160.01 2792.14 8.85483 0.665607
55 3341.62 2219 13.1461 1.06997
56 920.44 580.77 10.8356 0.278788
57 1510.21 4876.55 7.28003 1.57312
58 1155.58 1160.77 14.8655 0.753068
59 3188.88 2759.18 13.3146 0.944917
60 4230.78 330.06 5.55281 0.184694
61 4803.92 2625.05 13.8282 1.07538
62 4259.62 85.45 14.0686 0.0128228
63 4850 3036.29 11.3376 0.930603
64 918.76 2805.41 10.0706 0.33941
65 4465.77 3254.49 9.21786 0.222495
66 889.31 2551.5 7.57803 0.360493
67 1654.26 1207.16 9.35677 0.258873
68 2080.14 3021.33 6.32905 0.476514
69 550.1 1308.63 14.8041 0.826669
70 3292.18 4181.65 13.9064 0.862374
71 4644 414.9 9.60294 0.189489
72 4477.37 2115.85 11.5878 0.393476
73 365.46 2694.78 5.02866 0.82952
74 250.71 4114.66 5.79669 1.18468
75 4937.44 1698.66 13.3189 0.723455
76 1809.44 3542.28 8.97903 0.304036
77 4900.05 405.13 12.4687 0.167658
78 4916.99 1509.45 10.0445 0.381925
79 4217.81 2528.61 12.5985 1.30749
80 4107.18 4885.1 7.88082 1.09458
81 3372.14 865.66 11.8553 0.26594
82 767.08 2674.49 11.5217 0.423314
83 3346.05 966.52 7.61547 0.332467
84 251.17 301.52 13.1636 0.670564
85 907.47 907.77 11.17 0.590465
86 685.45 3820.46 9.53485 0.644455
87 4099.09 450.76 10.7068 0.25394
88 3618.12 3589.13 5.11695 0.926825
89 4338.05 366.53 6.18985 0.174825
90 4170.66 4440.29 10.0625 0.781486
91 4033.63 206.61 6.05329 0.161526
92 848.87 1874.6 10.3988 0.713074
93 1129.03 303.51 9.92633 1.09255
94 2667.32 1312.6 10.1144 0.389431
95 4473.56 1280.86 11.7319 0.430031
96 3744.01 4933.16 14.7816 0.86962
97 1429.64 1853.85 10.9098 0.418394
98 3023.77 3131.05 7.24686 0.729112
99 1624.2 3202.76 12.8949 0.810016
