20 100
0 4291.36 2940.92 119.289
1 2463.3 4062.32 275.549
2 1527.76 1560.41 604.887
3 4025.39 1888.94 221.968
4 1183.51 1164.59 486.392
5 562.76 3032.78 694.765
6 63.33 3851.44 611.778
7 745.57 4094.21 473.546
8 3036.29 3502 111.821
9 4962.92 304.42 591.223
10 2711.57 4878.99 506.259
11 3656.27 3651.69 510.121
12 686.97 3006.07 92.3154
13 4803.77 3554.19 289.192
14 1150.24 488.6 248.373
15 2584.15 3991.21 724.818
16 115.67 2929.01 123.372
17 1755.73 3493.15 698.355
18 1076.54 93.54 242.386
19 4778.44 1900.08 375.997
0 4560.53 3050.63 12.5323 0.0790585
1 691.55 4780.11 12.4513 0.798133
2 4944.61 4268.17 12.0374 0.5048
3 3024.99 533.62 5.79228 0.815818
4 2282.33 4873.65 5.88992 0.671666
5 4103.52 1357.46 11.9391 0.471484
6 4401.07 4445.02 11.8377 0.711979
7 3515.88 1016.27 7.1783 0.740535
8 4910.43 4938.35 9.69481 1.45582
9 4537.19 4756.46 9.91557 1.07954
10 359.2 2343.52 7.87347 1.32189
11 4785.3 457.93 13.4258 0.247075
12 2402.42 3311.41 8.01374 0.57216
13 1967.07 4525.13 8.85799 0.850535
14 756.25 4406.87 13.0951 0.888728
15 1742.15 1416.52 6.24574 0.189688
16 229.96 4145.18 10.8315 1.00766
17 2238.07 3227.48 5.5167 0.549098
18 2607.04 469.37 7.84502 1.03053
19 2245.86 3224.89 11.9964 0.84712
20 1663.26 3821.22 12.5027 0.721845
21 2630.54 4744.41 14.7525 0.360257
22 2101.2 3465.22 14.2248 0.56127
23 2983.95 4355.3 13.0189 0.53605
24 680.41 2220.53 5.37926 0.638318
25 3053.07 698.72 6.31238 1.62448
26 327.16 2258.06 6.20777 0.708312
27 976.59 2906.74 9.66925 0.402771
28 503.86 2117.37 14.156 0.645655
29 2857.6 6.41 10.1773 1.28996
30 4619.13 2600.48 7.29406 0.178011
31 705.89 218.51 8.57095 0.428634
32 2759.94 1699.73 9.43562 1.45528
33 3281.66 1552.63 9.09776 0.310359
34 528.89 1214.33 13.9074 0.616816
35 1869.26 2609.03 5.57034 1.15707
36 2263.86 212.87 9.28106 0.583885
37 514.69 4991.76 6.76876 1.23404
38 4425.34 2998.44 8.05949 0.0308222
39 2758.26 1237.98 11.3589 1.35388
40 2430.19 1729.79 10.6569 0.568005
41 4389.63 4673.6 6.09875 1.22499
42 1714.99 1360.36 10.5052 0.530399
43 4262.98 95.68 12.5492 0.765106
44 1307.87 2044.89 6.35997 1.02644
45 2697.99 1694.69 12.584 1.47076
46 691.7 1674.25 6.4152 0.299039
47 4500.56 2116 12.2647 0.461482
48 3240.46 3693.96 6.43 0.419403
49 1133.15 4073.15 12.1955 0.857933
50 2007.66 2861.42 14.7714 0.565513
51 4069.19 3413.95 14.2811 0.207311
52 1151.01 4098.94 12.5232 0.7633
53 3856.01 49.75 5.15197 0.641602
54 3771.94 2098.76 11.8034 0.345292
55 1927.09 650.35 8.62767 0.560499
56 4452.96 1836.76 6.35587 0.454776
57 4685.51 4514.45 8.14133 0.265508
58 2273.02 2649.77 11.3911 0.641422
59 1896.42 1518.75 7.38356 0.455829
60 2583.85 1034.42 5.08768 1.57667
61 3916.44 3555.71 14.4001 0.386892
62 3326.06 4822.53 10.5874 0.613855
63 4792.17 3359.94 9.93807 0.117256
64 4167.61 3888.97 13.4157 0.308246
65 759.76 2137.67 9.03406 1.03414
66 4246.5 50.51 12.9708 0.922083
67 1175.73 4898.83 14.2981 0.383365
68 1797.54 1310.16 5.25106 0.452312
69 1410.11 4900.51 9.24855 0.863228
70 1445.97 3101.29 13.7771 0.519563
71 4734.79 1108.89 12.6043 0.799486
72 2447.74 1692.71 9.19588 0.364565
73 2735.98 85.3 6.32883 1.57484
74 3657.49 2406.69 6.45933 0.250469
75 1285.44 1200.45 7.54021 0.202019
76 3508.1 2808.31 8.33969 0.385967
77 1596.88 1586.66 6.09336 0.466307
78 780.21 3521.07 8.01415 0.449309
79 3403.42 4732.81 8.9493 0.701497
80 4444.26 1826.69 9.0193 0.136793
81 4784.84 4126.71 12.8803 0.437689
82 3354.75 703.15 8.38847 1.45329
83 675.98 853.6 10.6616 1.1322
84 4082.46 3459.73 13.6518 0.44836
85 4589.83 1556.44 14.3289 0.157928
86 2658.93 1622.67 6.62754 0.576826
87 581.84 661.95 7.04199 1.16399
88 3520.62 1230.66 9.02372 0.357366
89 4992.68 3282.57 9.05342 0.124997
90 1431.17 192.72 10.5975 0.950763
91 4994.96 2696.46 5.99051 0.624527
92 4662.77 1869.26 5.8488 0.239171
93 3480.18 3816.34 10.6167 0.393972
94 218.51 2527.09 9.90242 0.701622
95 2313.15 1548.36 14.5154 0.538363
96 4378.95 2830.9 11.3847 0.0610639
97 3487.35 451.06 6.6708 1.38951
98 4348.74 1021.15 13.7865 1.0264
99 212.26 4600.21 11.9698 0.896788
