30 25
0 5.8 1236.15 14.1803
1 129.55 4297.16 26.3673
2 948.36 943.94 13.7037
3 1379.44 492.26 44.1868
4 4334.7 4448.99 41.3684
5 1133 1647.24 57.5374
6 960.72 283.36 27.5403
7 3531.75 3621.33 25.0499
8 898.01 2786.65 49.9967
9 4398.94 4923.55 54.2705
10 3181.55 3664.82 46.4283
11 4682.3 2009.49 36.0614
12 3046.51 905.64 18.9712
13 1836.91 758.69 64.703
14 620.75 3327.59 26.0031
15 4303.57 3665.27 27.179
16 2477.95 1543.93 55.6119
17 1737.42 4771.87 59.3788
18 4958.49 3626.21 13.0306
19 1148.26 1880.55 36.251
20 663.93 1243.78 21.9051
21 1602.22 3069.7 19.8917
22 2032.84 4565.26 18.6934
23 2644.73 2047.64 50.6365
24 3400.68 1699.42 33.3618
25 4102.45 4377.57 52.7531
26 453.96 959.5 30.6064
27 2415.08 4100.47 13.0609
28 3483.69 1729.94 32.1376
29 1160.01 2792.14 24.4302
0 3682.52 1081.73 10.3832 0.793504
1 4623.1 3761.25 9.85452 1.09849
2 3620.56 41.66 14.0861 0.695336
3 1821.5 3729.82 8.07629 0.485258
4 2625.97 480.36 6.72188 0.148778
5 571.15 4988.25 6.65337 0.11472
6 3214.36 4971.31 10.6475 1.58812
7 293.59 347.61 13.8365 0.464315
8 1220.44 699.64 9.97362 0.4512
9 2862.18 1398.36 8.57722 0.253093
10 2747.28 4242.23 5.82944 0.858185
11 1391.49 2763.15 10.984 0.125137
12 4522.69 1120.18 9.94425 0.0486551
13 4701.22 4333.93 11.8945 0.651655
14 321.67 2160.1 10.1629 0.817556
15 1358.84 4764.85 14.7101 0.5276
16 3607.9 1191.9 13.0713 0.148815
17 4710.99 2007.81 9.5533 0.200276
18 4053.16 1116.82 8.33727 0.773326
19 2804.5 4170.35 6.65138 0.14845
20 3089.54 2875.15 12.0425 0.0917409
21 4608.75 1476.18 10.3119 1.05479
22 1151.62 4345.38 10.78 1.03958
23 1441.08 2611.47 12.3895 0.409221
24 1763.82 3706.93 14.3385 0.971992
