50 75
0 3942.23 1654.56 66.7426
1 2408.37 1215.55 58.6213
2 862.45 3391.83 45.6269
3 4868.01 324.41 45.3862
4 567.34 3699.76 104.753
5 4123.2 1680.2 103.031
6 161.44 856.96 43.3212
7 4060.95 4952.7 31.7532
8 4143.65 3342.39 95.9585
9 819.88 4501.79 31.9073
10 3606.68 2859.74 39.0978
11 1839.05 2856.53 37.8261
12 3923.76 1905.42 98.7559
13 1283 65 103.338
14 4827.42 4156.16 24.7767
15 2000.49 3442.64 35.7182
16 4286.02 3461.87 110.794
17 1672.87 4752.65 69.427
18 87.74 4722.74 50.7093
19 3307.44 4350.41 113.278
20 534.07 2431.71 76.8074
21 2733.39 4321.42 33.7172
22 3150.88 166.17 46.3177
23 3255.41 143.74 74.2469
24 2824.03 1805.17 49.2256
25 122.68 2908.87 61.5014
26 3265.18 2759.33 57.1287
27 4967.96 1628.01 42.5274
28 3213.6 1989.81 96.679
29 2872.4 2660.3 58.1198
30 1279.64 3100.53 54.7232
31 2216.41 789.67 38.2814
32 839.26 283.36 106.364
33 4967.19 3983.73 52.8035
34 3881.04 2399.06 31.7483
35 2564.01 1364.94 81.4071
36 216.38 972.01 39.1568
37 53.56 1427.81 83.4829
38 957.21 385.3 28.1852
39 3635.82 29.3 36.2565
40 2665.49 1051.82 104.641
41 4271.52 187.08 69.159
42 1085.85 3846.4 81.8833
43 2512.89 3215.43 86.0929
44 862 1577.81 25.0448
45 2210.61 3229.77 79.8241
46 147.4 784.94 75.8958
47 3252.36 4553.06 88.9071
48 1513.26 4635.15 44.1727
49 993.38 4051.94 88.4184
0 2492.14 4399.85 10.8047 0.226409
1 1881.77 980.71 9.41408 1.20439
2 3070.16 4080.48 13.7793 0.668918
3 403 2308.42 9.25558 0.915053
4 4672.69 3736.38 10.4665 0.602044
5 4382.76 2512.89 10.7763 0.29996
6 4669.94 790.58 13.9612 0.978704
7 451.22 2506.33 5.46672 0.916508
8 414.59 413.68 13.4581 1.55586
9 3909.42 1447.65 8.58639 0.10806
10 1747.64 3633.23 7.65427 1.3126
11 2527.7 968.35 7.49293 0.498011
12 1442.61 1622.21 14.0148 1.9796
13 1801.51 34.49 10.1243 0.99008
14 3746.76 704.21 8.25352 0.61976
15 3066.65 1223.79 10.8507 1.06229
16 3673.51 99.19 14.8337 0.572887
17 3382.06 1700.34 13.7302 0.921423
18 2203.13 1946.32 8.59076 0.324471
19 3588.52 4668.26 7.62259 0.976568
20 48.52 633.56 7.0211 1.19842
21 3444.32 4584.34 6.7785 0.964617
22 140.54 964.38 7.63341 0.16014
23 250.4 1911.98 5.71557 0.651095
24 1490.98 2194.59 8.73894 0.561655
25 4865.72 698.26 13.9372 0.338374
26 4589.37 2467.88 11.1679 0.905667
27 1522.42 4752.8 9.52488 0.714201
28 987.43 685.45 6.06061 0.645459
29 346.23 712.15 5.97173 0.786654
30 2231.51 336.47 12.1383 0.73207
31 3987.85 3772.39 12.1921 0.803201
32 795.01 2323.22 7.77582 1.72807
33 2271.49 4363.99 7.79935 0.890921
34 3170.26 1311.99 8.7475 1.39792
35 1268.81 1560.56 10.6264 0.493754
36 2773.83 2640.92 7.31613 0.611271
37 700.86 1494.19 10.6363 0.798473
38 2824.03 4314.4 9.93364 0.737364
39 1078.07 1562.4 8.41234 1.40356
40 1843.32 1118.05 7.30231 0.879407
41 4481.49 3707.54 14.7063 0.609953
42 1946.32 383.47 12.2084 1.57157
43 393.54 2550.13 11.7393 1.43243
44 2564.93 1434.22 6.62385 0.473318
45 484.94 1656.39 5.67874 0.667866
46 4770.65 3245.49 6.86466 1.07809
47 3760.34 3721.88 14.1256 0.710433
48 3848.69 2347.33 6.72014 0.176168
49 973.08 2952.21 8.58073 0.491125
50 279.24 503.71 14.4085 1.06562
51 4714.96 423.29 13.8025 0.171862
52 1785.33 4197.97 14.19 0.284056
53 4083.53 700.09 5.26636 0.924253
54 1598.41 455.79 13.3052 1.73528
55 337.69 496.69 12.5762 0.399769
56 603.66 1038.39 14.4525 0.286751
57 2444.99 2659.23 7.16563 0.196014
58 3517.26 4534.75 6.12735 0.509723
59 3927.73 1251.72 12.1471 0.156476
60 1752.37 3386.33 8.33421 0.841098
61 4914.55 1027.41 8.03074 1.26602
62 3132.72 374.77 10.0992 0.708029
63 803.25 2064.73 11.9742 0.847696
64 1106.6 1603.6 12.8684 1.24349
65 1441.24 2852.26 11.0152 1.55103
66 3619.5 504.32 7.10287 1.47836
67 2228.77 2600.63 14.2907 0.515841
68 4300.97 4900.97 12.4785 1.35269
69 1054.26 1065.4 14.3415 1.00811
70 1123.08 1660.51 9.46099 0.731849
71 2464.37 1660.36 14.5232 0.989526
72 185.25 965.3 8.26038 1.29549
73 2976.62 1143.22 7.73923 0.461637
74 4781.64 4732.05 6.44345 1.47673
