20 25
0 318.92 967.28 116.284
1 2217.02 4320.66 134.538
2 1640.52 2722.1 25.5103
3 1054.11 1725.82 55.4966
4 4012.73 2827.23 30.8984
5 1114.23 4294.56 186.533
6 1428.88 105.59 28.6887
7 1019.78 3388.32 125.087
8 615.71 4438.76 106.263
9 3443.71 1538.44 47.1809
10 4832.45 992.77 149.64
11 553.76 1734.98 171.512
12 4124.73 81.94 74.1643
13 2554.7 2429.88 104.386
14 3441.57 3443.86 161.143
15 1979.13 284.59 109.834
16 2518.08 215.31 169.79
17 3889.74 192.42 68.6339
18 3933.07 3385.72 148.246
19 4643.54 4607.68 91.7894
0 4560.08 1410.41 10.0344 0.359001
1 2965.64 1108.13 11.8167 0.243927
2 3370.62 3668.94 13.7949 0.284434
3 2550.13 980.41 5.71621 0.49992
4 4763.02 811.79 8.04176 0.40747
5 4126.1 1350.75 14.8182 0.442673
6 1022.83 1920.22 7.34185 0.0921945
7 129.55 3370.77 13.7242 0.494513
8 818.2 2126.83 10.968 0.321122
9 4257.79 1166.72 12.9806 1.3059
10 3617.51 4981.38 7.27785 1.3103
11 2494.13 4387.8 11.9167 0.713474
12 174.11 1623.89 12.9007 0.42622
13 3715.63 2011.02 11.6301 0.622945
14 4231.7 1296.27 8.85808 0.513151
15 1284.22 3191.32 7.25606 0.180467
16 3104.34 220.65 10.9268 0.71115
17 4532.76 3429.67 5.3728 1.14563
18 2293.31 3381.91 11.6647 0.85345
19 1547.14 1847.44 5.2432 0.205715
20 1789.76 1237.53 7.42017 0.432634
21 2157.66 2845.09 14.709 0.35759
22 4225.9 894.34 13.0075 1.08838
23 2536.85 2925.81 10.8174 0.561372
24 2525.71 3776.67 7.75174 0.834446
