20 25
0 3053.07 698.72 76.2041
1 327.16 2258.06 144.528
2 976.59 2906.74 58.4594
3 503.86 2117.37 67.4718
4 2857.6 6.41 48.4065
5 4619.13 2600.48 90.7688
6 705.89 218.51 33.2429
7 2759.94 1699.73 184.314
8 3281.66 1552.63 22.1951
9 528.89 1214.33 159.734
10 1869.26 2609.03 99.92
11 2263.86 212.87 167.64
12 514.69 4991.76 177.438
13 4425.34 2998.44 107.617
14 2758.26 1237.98 135.751
15 2430.19 1729.79 99.9976
16 4389.63 4673.6 187.386
17 1714.99 1360.36 97.2869
18 4262.98 95.68 135.245
19 1307.87 2044.89 75.4398
0 4560.53 3050.63 5.8779 0.724832
1 691.55 4780.11 6.4808 1.26903
2 4944.61 4268.17 10.3507 0.513928
3 3024.99 533.62 8.44087 0.262448
4 2282.33 4873.65 13.1481 2.69976
5 4103.52 1357.46 9.06034 1.60268
6 4401.07 4445.02 9.25429 1.83408
7 3515.88 1016.27 6.56649 0.391801
8 4910.43 4938.35 13.0277 0.607146
9 4537.19 4756.46 11.9362 0.328471
10 359.2 2343.52 10.6812 0.780176
11 4785.3 457.93 11.3545 0.627798
12 2402.42 3311.41 11.3577 0.305315
13 1967.07 4525.13 14.4999 2.92729
14 756.25 4406.87 10.366 0.0970177
15 1742.15 1416.52 12.3888 0.0154755
16 229.96 4145.18 11.3847 1.41279
17 2238.07 3227.48 6.26419 1.21721
18 2607.04 469.37 13.6622 0.453048
19 2245.86 3224.89 8.53025 0.0280538
20 1663.26 3821.22 12.9022 1.01003
21 2630.54 4744.41 11.9671 1.86307
22 2101.2 3465.22 6.42367 0.803175
23 2983.95 4355.3 6.77651 1.49105
24 680.41 2220.53 11.2064 0.53462
