40 75
0 1945.4 4732.96 65.6743
1 854.06 1000.4 260.454
2 1649.83 4080.48 104.083
3 3220.31 301.83 245.283
4 1663.87 3925.6 71.9614
5 3095.49 227.97 73.405
6 4880.83 336.92 32.0046
7 527.36 3371.99 267.93
8 2811.37 3414.26 84.1272
9 3824.43 1491.44 97.4628
10 2634.97 1757.71 99.9761
11 4266.79 1997.28 102.732
12 862.61 2106.39 209.548
13 322.28 934.02 190.925
14 2517.47 2421.19 275.355
15 1518.6 1987.21 267.601
16 2238.23 4198.28 151.811
17 4630.12 3547.17 61.9594
18 1213.87 2290.41 276.639
19 2335.58 3360.24 273.37
20 1354.41 3021.94 168.613
21 2004 2799.62 68.4888
22 603.35 3873.1 33.0964
23 4761.35 286.11 71.4045
24 800.04 519.27 253.675
25 2498.55 891.14 261.499
26 1996.52 4506.21 176.745
27 2975.25 1652.12 270.046
28 4636.22 2338.18 101.833
29 673.39 4631.95 204.314
30 3499.1 4267.1 239.283
31 3562.43 2253.94 180.497
32 4822.69 3556.32 153.266
33 3425.09 1944.94 66.9566
34 500.2 4507.89 149.476
35 4907.68 4613.03 162.154
36 768.61 27.77 99.5077
37 943.94 3997.31 253.164
38 4285.87 2015.9 42.6889
39 4715.26 1416.82 187.949
0 4560.08 1410.41 12.9755 0.706693
1 2965.64 1108.13 13.617 0.352377
2 3370.62 3668.94 5.5866 0.184195
3 2550.13 980.41 13.5226 0.573619
4 4763.02 811.79 5.31926 0.425232
5 4126.1 1350.75 7.74406 0.903453
6 1022.83 1920.22 12.1382 0.171285
7 129.55 3370.77 14.8619 0.702436
8 818.2 2126.83 13.352 0.25814
9 4257.79 1166.72 10.6486 0.326219
10 3617.51 4981.38 6.74335 0.388729
11 2494.13 4387.8 12.0438 0.143952
12 174.11 1623.89 14.7254 0.777904
13 3715.63 2011.02 13.0906 0.457294
14 4231.7 1296.27 14.6157 0.820242
15 1284.22 3191.32 11.1608 0.139588
16 3104.34 220.65 6.98774 0.408914
17 4532.76 3429.67 8.31872 0.32708
18 2293.31 3381.91 12.2419 0.242556
19 1547.14 1847.44 12.8741 0.454921
20 1789.76 1237.53 6.80169 1.11799
21 2157.66 2845.09 8.75727 0.387121
22 4225.9 894.34 8.20887 0.461583
23 2536.85 2925.81 10.1807 0.198393
24 2525.71 3776.67 13.8979 0.281338
25 318.92 967.28 5.21475 0.210767
26 2217.02 4320.66 11.695 0.141874
27 1640.52 2722.1 7.41409 0.355304
28 1054.11 1725.82 13.9116 0.593796
29 4012.73 2827.23 7.09149 1.16804
30 1114.23 4294.56 5.06449 0.354741
31 1428.88 105.59 9.81214 0.691614
32 1019.78 3388.32 7.33167 0.446793
33 615.71 4438.76 6.25424 0.292554
34 3443.71 1538.44 12.3982 0.883881
35 4832.45 992.77 6.0504 0.790351
36 553.76 1734.98 5.85126 0.357169
37 4124.73 81.94 14.6544 0.685942
38 2554.7 2429.88 9.2197 0.192031
39 3441.57 3443.86 9.32999 0.268211
40 1979.13 284.59 5.71189 0.615112
41 2518.08 215.31 12.851 0.42804
42 3889.74 192.42 8.60265 0.61123
43 3933.07 3385.72 5.54493 1.04537
44 4643.54 4607.68 12.1902 0.489366
45 3245.64 9.16 10.6481 0.673373
46 4378.49 1712.55 13.3926 0.730445
47 2620.32 959.81 14.8325 0.728434
48 876.03 4454.33 8.58355 0.335928
49 1841.33 3506.88 10.5865 0.288963
50 4957.88 4980.77 6.69226 0.649133
51 3129.52 2495.04 7.4277 0.275579
52 69.89 1509.29 9.2892 0.381742
53 3661.15 3409.22 8.49646 0.266774
54 1215.86 2157.96 7.6493 0.538303
55 2200.08 3104.8 11.27 0.125978
56 888.55 2770.47 14.427 0.367043
57 3746.91 1485.49 12.6611 0.595683
58 2162.08 3267.31 10.3234 0.0924211
59 3611.1 4910.12 8.40003 0.576609
60 1597.95 4552.6 14.8561 0.242331
61 4814.45 4607.84 11.2686 0.460225
62 2121.04 509.81 6.52355 0.341514
63 230.72 886.56 6.76105 0.683729
64 3523.97 2116.31 8.93413 0.555203
65 3366.8 1411.63 10.3096 0.222194
66 752.89 3207.04 5.39488 0.546955
67 4193.7 4338.66 6.55407 0.716144
68 2634.36 4922.33 5.11136 0.276987
69 3932.46 4581.13 6.54455 0.585291
70 1196.94 3365.89 12.391 0.557791
71 200.81 3994.87 9.26459 0.387371
72 4245.43 2509.69 13.5303 0.521502
73 1428.57 3758.51 13.8312 0.424959
74 1342.05 1871.24 9.13751 0.613222
