30 50
0 1152.07 2258.22 76.8187
1 1393.63 1878.41 182.334
2 3496.05 1689.96 130.346
3 3678.55 3370.46 178.921
4 3716.09 2732.78 198.914
5 3068.48 4764.55 119.808
6 4484.69 4647.05 123.303
7 2448.81 2905.21 229.223
8 1266.52 543.23 27.3513
9 1474.2 4368.11 63.2128
10 216.68 1812.04 125.973
11 3905.91 1572.77 86.7312
12 464.49 4398.17 225.299
13 4411.45 509.35 212.918
14 1562.4 4578.08 48.1628
15 1858.88 3980.53 214.656
16 4382.92 4395.28 81.8128
17 3636.43 1767.33 118.785
18 1243.32 4409.31 174.599
19 3028.05 1628.01 215.332
20 3541.22 3917.05 106.314
21 4177.83 2529.07 211.388
22 2679.68 1298.87 133.272
23 1672.87 4021.73 35.7071
24 2566.15 4650.11 107.201
25 4277.47 3166.3 92.644
26 4463.64 349.89 57.3699
27 4847.1 2911.47 195.238
28 2476.88 4728.69 113.11
29 957.37 3335.83 136.882
0 3682.97 2721.79 14.8529 0.405129
1 2348.86 2432.94 14.692 1.12911
2 194.25 640.74 11.4648 2.54034
3 2296.52 3283.18 5.21682 0.122231
4 145.27 4542.37 9.13232 0.869461
5 548.57 4994.96 9.91141 1.56417
6 1592.46 2495.96 13.1584 0.372717
7 3679.92 2993.41 10.7545 1.1794
8 312.51 3511.15 12.5567 0.434079
9 3141.58 4987.95 6.78662 0.481463
10 4489.12 1604.36 6.02035 0.461505
11 3682.67 3833.58 10.2038 1.24829
12 1750.85 2807.55 14.9818 0.932292
13 2952.51 1847.9 12.7864 0.0372659
14 1846.52 270.55 5.17137 0.15597
15 1816.77 2990.05 5.12523 1.56683
16 733.51 116.28 12.3447 1.15288
17 2416.3 1805.78 14.4899 1.58018
18 4366.74 3204.6 8.43198 0.960539
19 3503.22 547.65 8.92066 0.154426
20 2963.04 458.85 7.80286 1.84884
21 81.64 3375.5 6.38898 1.47804
22 4027.22 1916.1 12.1028 0.767926
23 1888.18 4040.8 11.012 0.278243
24 4918.67 2150.79 7.89949 0.80047
25 2739.95 967.59 7.08901 0.0875823
26 3240 2234.57 12.045 1.40524
27 284.43 1128.57 9.42706 0.552598
28 829.34 883.82 13.5849 0.91121
29 3179.57 1628.16 7.93271 0.551787
30 4637.9 4953.46 10.663 0.0893971
31 237.74 396.28 9.66976 0.133598
32 271.77 1932.74 12.1612 0.490662
33 3563.95 4900.66 8.48692 1.38592
34 1484.12 4599.44 5.83956 0.464011
35 218.36 280.92 7.35787 1.9349
36 1392.25 487.53 7.07056 0.682213
37 4436.78 815.3 13.8458 1.62279
38 3707.54 1327.25 8.82942 1.50522
39 4937.59 1121.71 8.98052 2.1849
40 4754.63 110.32 13.8632 0.163388
41 4349.5 1002.23 8.83962 1.48909
42 4562.82 939.66 7.51717 2.01965
43 288.4 336.31 12.5361 0.146736
44 2812.74 4317.91 8.95025 0.30986
45 116.28 2929.32 8.71612 1.44603
46 2915.43 3031.25 6.61 1.21816
47 3913.08 721.3 11.6025 1.46717
48 9 1287.27 12.0323 0.194982
49 2692.5 2265.69 7.69721 0.0221994
