30 100
0 4282.82 127.11 158.956
1 3248.08 699.18 156.591
2 4073.92 757.16 73.0241
3 809.96 1268.35 185.335
4 2767.57 2975.25 72.1392
5 753.2 2165.44 239.555
6 1344.04 3100.68 229.246
7 3838.01 4451.43 99.8582
8 4094.21 3341.32 159.432
9 699.64 1945.25 102.609
10 4884.95 3622.24 206.291
11 4485.76 3938.11 244.418
12 2145.3 2252.57 128.116
13 1979.13 2445.91 86.9961
14 228.89 2462.69 212.41
15 2115.24 2287.06 105.604
16 2310.86 4340.19 231.22
17 3296 4761.65 185.282
18 2472.15 4197.82 200.46
19 3410.9 3215.28 203.248
20 2132.18 905.48 192.989
21 3967.71 1271.25 249.841
22 3481.25 1215.4 185.775
23 2242.35 2007.2 240.905
24 71.87 3612.48 87.4996
25 2851.19 3861.81 239.639
26 2225.41 2721.49 69.5595
27 2653.89 1550.8 118.631
28 2407.76 3802.91 146.369
29 393.08 2774.59 80.2051
0 3682.52 1081.73 6.2927 0.193633
1 4623.1 3761.25 5.66433 0.784392
2 3620.56 41.66 13.507 0.616442
3 1821.5 3729.82 13.7003 1.27124
4 2625.97 480.36 5.50868 0.485877
5 571.15 4988.25 5.91199 0.912298
6 3214.36 4971.31 9.71584 0.620702
7 293.59 347.61 14.2694 0.0445173
8 1220.44 699.64 13.1362 0.651861
9 2862.18 1398.36 6.33637 0.557477
10 2747.28 4242.23 12.4497 0.0540324
11 1391.49 2763.15 11.4092 0.740587
12 4522.69 1120.18 6.35891 0.505604
13 4701.22 4333.93 8.43467 0.169506
14 321.67 2160.1 14.8844 1.01156
15 1358.84 4764.85 9.68794 0.995012
16 3607.9 1191.9 9.30273 0.0966929
17 4710.99 2007.81 6.09649 1.11688
18 4053.16 1116.82 8.65337 0.294508
19 2804.5 4170.35 14.4183 0.505202
20 3089.54 2875.15 9.45803 0.238047
21 4608.75 1476.18 5.80822 0.822605
22 1151.62 4345.38 10.2345 1.68919
23 1441.08 2611.47 8.7416 1.0228
24 1763.82 3706.93 12.1633 0.814772
25 5.8 1236.15 6.18844 0.920105
26 129.55 4297.16 9.78385 0.459604
27 948.36 943.94 14.0153 0.285541
28 1379.44 492.26 11.363 0.477647
29 4334.7 4448.99 7.20258 0.764314
30 1133 1647.24 8.50622 0.645201
31 960.72 283.36 9.67034 1.37715
32 3531.75 3621.33 12.5745 0.106292
33 898.01 2786.65 12.2681 1.01489
34 4398.94 4923.55 10.6741 1.15019
35 3181.55 3664.82 8.25914 0.658977
36 4682.3 2009.49 6.99083 0.317069
37 3046.51 905.64 11.3125 0.36607
38 1836.91 758.69 10.5249 0.108391
39 620.75 3327.59 5.74926 0.243321
40 4303.57 3665.27 10.541 0.890221
41 2477.95 1543.93 11.7248 0.218355
42 1737.42 4771.87 9.22612 0.361334
43 4958.49 3626.21 14.6103 0.0195744
44 1148.26 1880.55 5.11096 0.095044
45 663.93 1243.78 7.78311 0.592509
46 1602.22 3069.7 9.80709 0.84216
47 2032.84 4565.26 10.6538 0.984522
48 2644.73 2047.64 13.0534 0.756546
49 3400.68 1699.42 7.24754 0.661627
50 4102.45 4377.57 8.01569 0.62754
51 453.96 959.5 5.34633 0.100194
52 2415.08 4100.47 6.52931 0.117678
53 3483.69 1729.94 7.98289 0.279407
54 1160.01 2792.14 10.204 0.484898
55 3341.62 2219 9.50195 0.643884
56 920.44 580.77 14.3742 0.33741
57 1510.21 4876.55 6.74341 1.52784
58 1155.58 1160.77 14.9265 0.961717
59 3188.88 2759.18 7.65281 0.775335
60 4230.78 330.06 8.5987 0.100892
61 4803.92 2625.05 7.00884 1.11032
62 4259.62 85.45 12.368 0.0250708
63 4850 3036.29 10.1031 0.510628
64 918.76 2805.41 5.65592 0.397019
65 4465.77 3254.49 10.0999 0.0775275
66 889.31 2551.5 9.61829 0.615415
67 1654.26 1207.16 11.872 0.71158
68 2080.14 3021.33 5.08978 0.277585
69 550.1 1308.63 14.7377 0.399786
70 3292.18 4181.65 13.77 0.634654
71 4644 414.9 9.30322 0.336792
72 4477.37 2115.85 13.5861 1.15612
73 365.46 2694.78 6.13698 0.216069
74 250.71 4114.66 10.3119 0.323623
75 4937.44 1698.66 14.4125 0.218478
76 1809.44 3542.28 14.2721 1.14387
77 4900.05 405.13 9.41158 0.502772
78 4916.99 1509.45 13.3027 0.89804
79 4217.81 2528.61 13.2326 0.971886
80 4107.18 4885.1 12.8719 0.0253786
81 3372.14 865.66 10.0585 0.0738793
82 767.08 2674.49 10.794 0.79228
83 3346.05 966.52 10.995 0.108765
84 251.17 301.52 14.2508 0.203254
85 907.47 907.77 7.62099 0.277131
86 685.45 3820.46 14.7649 1.27769
87 4099.09 450.76 14.4399 0.060807
88 3618.12 3589.13 10.0299 0.161216
89 4338.05 366.53 14.4951 0.0918108
90 4170.66 4440.29 13.7859 0.161597
91 4033.63 206.61 11.3153 0.0464948
92 848.87 1874.6 12.1583 0.704229
93 1129.03 303.51 11.973 0.259264
94 2667.32 1312.6 11.5148 0.301845
95 4473.56 1280.86 12.6517 0.531383
96 3744.01 4933.16 7.26645 0.674579
97 1429.64 1853.85 6.20922 0.234355
98 3023.77 3131.05 5.46784 0.63166
99 1624.2 3202.76 5.55822 0.957435
