50 50
0 279.24 503.71 126.396
1 4714.96 423.29 133.695
2 1785.33 4197.97 94.9745
3 4083.53 700.09 107.725
4 1598.41 455.79 69.633
5 337.69 496.69 102.204
6 603.66 1038.39 45.3934
7 2444.99 2659.23 125.491
8 3517.26 4534.75 84.0325
9 3927.73 1251.72 146.219
10 1752.37 3386.33 144.218
11 4914.55 1027.41 100.715
12 3132.72 374.77 30.2029
13 803.25 2064.73 34.3342
14 1106.6 1603.6 49.2091
15 1441.24 2852.26 74.8336
16 3619.5 504.32 71.5694
17 2228.77 2600.63 33.5028
18 4300.97 4900.97 31.6027
19 1054.26 1065.4 37.8662
20 1123.08 1660.51 84.2449
21 2464.37 1660.36 66.358
22 185.25 965.3 123.318
23 2976.62 1143.22 149.694
24 4781.64 4732.05 46.9241
25 3942.23 1654.56 143.737
26 2408.37 1215.55 112.344
27 862.45 3391.83 83.3336
28 4868.01 324.41 69.4776
29 567.34 3699.76 75.4051
30 4123.2 1680.2 59.8846
31 161.44 856.96 101.055
32 4060.95 4952.7 143.241
33 4143.65 3342.39 39.078
34 819.88 4501.79 126.203
35 3606.68 2859.74 148.091
36 1839.05 2856.53 18.8548
37 3923.76 1905.42 148.064
38 1283 65 22.6223
39 4827.42 4156.16 117.351
40 2000.49 3442.64 17.9789
41 4286.02 3461.87 123.395
42 1672.87 4752.65 104.365
43 87.74 4722.74 101.639
44 3307.44 4350.41 92.6605
45 534.07 2431.71 91.7226
46 2733.39 4321.42 33.9825
47 3150.88 166.17 133.67
48 3255.41 143.74 62.0567
49 2824.03 1805.17 124.861
0 2492.14 4399.85 14.0993 0.348816
1 1881.77 980.71 14.5054 0.319429
2 3070.16 4080.48 11.422 0.402527
3 403 2308.42 5.94221 0.391042
4 4672.69 3736.38 14.1435 0.940551
5 4382.76 2512.89 11.5282 0.74536
6 4669.94 790.58 8.9587 0.896642
7 451.22 2506.33 13.7735 0.1196
8 414.59 413.68 10.4579 0.0507939
9 3909.42 1447.65 12.059 0.485711
10 1747.64 3633.23 13.5928 0.373197
11 2527.7 968.35 11.4007 0.270508
12 1442.61 1622.21 10.4905 0.321736
13 1801.51 34.49 8.52607 0.237204
14 3746.76 704.21 6.84347 0.426923
15 3066.65 1223.79 13.5327 0.185587
16 3673.51 99.19 11.2063 0.567103
17 3382.06 1700.34 12.7669 0.798928
18 2203.13 1946.32 10.719 0.668913
19 3588.52 4668.26 6.09293 0.455699
20 48.52 633.56 9.39523 0.208066
21 3444.32 4584.34 10.4953 0.541077
22 140.54 964.38 14.4736 0.116862
23 250.4 1911.98 11.0172 0.387812
24 1490.98 2194.59 14.9481 0.549667
25 4865.72 698.26 14.9312 0.520686
26 4589.37 2467.88 10.6026 1.25252
27 1522.42 4752.8 14.2058 0.662122
28 987.43 685.45 12.4286 0.164202
29 346.23 712.15 6.33918 0.189392
30 2231.51 336.47 9.98268 0.270375
31 3987.85 3772.39 12.5431 0.389228
32 795.01 2323.22 7.09008 0.496256
33 2271.49 4363.99 5.81043 0.993519
34 3170.26 1311.99 8.56206 0.684504
35 1268.81 1560.56 13.7648 0.376566
36 2773.83 2640.92 5.51094 0.717967
37 700.86 1494.19 13.9907 0.332078
38 2824.03 4314.4 8.98264 0.476677
39 1078.07 1562.4 13.2819 0.131893
40 1843.32 1118.05 11.9168 0.338165
41 4481.49 3707.54 14.2294 0.368596
42 1946.32 383.47 5.485 0.201188
43 393.54 2550.13 11.0336 0.169568
44 2564.93 1434.22 12.7726 0.280974
45 484.94 1656.39 5.26706 0.472515
46 4770.65 3245.49 11.1124 0.878662
47 3760.34 3721.88 7.99305 0.486222
48 3848.69 2347.33 14.083 0.256083
49 973.08 2952.21 9.92119 0.303829
