50 75
0 3282.27 3122.04 140.025
1 62.26 3023.47 84.053
2 809.5 898.01 52.6267
3 2427.9 3543.66 60.8613
4 2306.89 4506.97 42.3466
5 471.66 3278.76 207.125
6 65.31 4646.6 72.5465
7 1888.18 2283.85 111.38
8 2008.27 781.73 80.9418
9 1077.91 1469.77 102.184
10 561.39 2658.47 191.855
11 231.18 2481.92 163.346
12 3642.99 460.98 209.917
13 4481.34 361.64 203.834
14 2302.47 17.24 52.4443
15 1913.05 1648.15 149.884
16 2042.6 1960.2 58.2682
17 1705.53 3074.59 98.8634
18 2354.05 1248.51 214.018
19 1190.37 3517.26 28.2189
20 1492.66 958.13 153.311
21 108.19 4352.7 217.885
22 1034.73 1744.29 224.158
23 2842.8 878.93 44.7392
24 2236.24 885.95 192.641
25 1915.49 4958.49 196.024
26 3731.96 2315.44 161.078
27 3520.62 1536.3 219.022
28 2602.77 1540.42 213.134
29 3382.52 4193.24 87.7556
30 3343.46 1866.21 48.2118
31 3717.46 2387.01 109.501
32 1762.14 821.25 55.1987
33 4578.39 540.64 49.0321
34 3343.46 3195.75 138.243
35 367.9 1630.91 208.333
36 3104.04 4595.78 228.726
37 4796.75 436.72 222.928
38 1474.96 1923.58 181.383
39 70.8 4101.23 76.2168
40 3240.91 4685.96 94.0997
41 3590.2 164.19 213.881
42 4065.37 3540.45 45.4747
43 2935.88 4722.74 150.217
44 1637.47 4982.76 46.6314
45 2431.41 872.52 155.509
46 967.59 3584.09 129.803
47 2056.79 92.47 62.2608
48 864.89 683.31 35.1038
49 1997.44 1721.55 203.614
0 2492.75 1039.92 11.6106 0.604831
1 4607.68 4652.55 6.8551 1.92599
2 4644.15 4679.56 14.2858 2.40402
3 877.86 1861.78 6.53273 0.505641
4 2192.14 2798.24 14.6803 0.420024
5 4360.18 2519.61 14.003 0.251897
6 3048.04 3315.38 11.9424 0.597341
7 3837.55 151.83 10.8941 1.32413
8 4506.82 3225.35 8.24273 0.700448
9 4188.67 37.23 6.3359 0.794775
10 3489.64 995.36 13.0292 0.797137
11 4818.87 2038.79 11.5192 0.79896
12 3670.92 3309.73 7.089 0.533239
13 52.95 2548.6 8.08937 0.758179
14 271.46 3814.81 13.2077 0.158508
15 3524.58 4449.14 9.82821 0.23944
16 799.13 4023.71 7.07867 1.51847
17 1087.37 1498.31 11.7542 0.336912
18 2516.86 4033.94 11.2109 0.122195
19 4287.24 1045.56 12.8353 0.571998
20 4922.18 3217.26 7.29665 1.44531
21 3917.36 1483.5 12.1034 0.645668
22 3015.99 3535.26 10.637 0.730998
23 697.35 3341.47 12.0297 0.278207
24 4645.83 638.45 9.29939 1.09965
25 2599.87 429.7 7.79345 0.636782
26 2699.67 405.44 13.7732 0.739668
27 858.49 4937.44 9.36466 1.80803
28 437.33 1077 11.6844 1.19081
29 4191.26 2891.48 8.28473 0.701221
30 736.41 3642.69 11.363 1.1373
31 3264.87 3885.31 14.6857 0.393633
32 2535.17 634.63 7.66037 0.717795
33 4937.44 1477.86 5.35294 1.89296
34 255.44 987.88 6.28175 2.02701
35 3305.76 3176.82 13.071 0.0490771
36 4483.93 1118.81 9.41356 0.846378
37 2091.13 1403.85 10.487 0.713112
38 4694.66 4882.96 8.08812 3.25238
39 394.76 4356.67 14.1243 1.16715
40 2294.38 2563.4 10.1869 0.526891
41 1352.89 3165.84 8.92285 0.992259
42 4771.72 1551.56 8.61683 0.793086
43 723.59 4260.38 11.5178 0.130234
44 4229.41 3871.58 5.62194 0.363421
45 4937.44 3341.93 11.0569 2.02169
46 1083.86 3207.19 9.10304 1.07562
47 640.43 4878.08 8.56336 0.353368
48 1212.81 1586.96 6.93105 1.2227
49 264.9 3518.48 7.31243 0.201692
50 2329.17 3384.5 13.4484 0.362392
51 654.47 1342.36 14.5507 1.21106
52 2866.3 1787.47 7.41483 0.859717
53 4278.39 2340.62 11.0546 1.30114
54 4154.48 396.59 5.7369 0.119557
55 64.55 3042.24 14.502 1.0409
56 4168.07 104.53 10.0184 0.414976
57 3383.59 687.89 14.4178 1.02884
58 3628.04 3917.2 13.6149 0.791177
59 2213.05 2860.5 6.95651 0.565387
60 2738.27 4868.31 5.64149 0.335008
61 4016.54 4975.28 10.1813 1.92351
62 4337.75 4687.49 10.1633 0.370293
63 364.7 4537.95 11.8106 1.3396
64 1750.24 3376.26 11.597 0.566461
65 3834.35 3578.3 7.7915 0.0958588
66 2112.8 2347.94 9.00797 0.776264
67 4210.94 3160.8 12.8964 0.234426
68 3464 1288.8 14.3645 0.472142
69 3532.21 1384.78 7.7976 0.239792
70 1372.26 1395.92 13.6509 1.29681
71 1998.2 3774.53 13.2345 0.511933
72 3387.86 148.32 13.3976 0.16773
73 4284.04 2470.17 6.02193 1.3604
74 2096.93 267.34 8.27802 0.218103
