30 25
0 5.8 1236.15 52.3301
1 129.55 4297.16 56.0503
2 948.36 943.94 29.47
3 1379.44 492.26 107.046
4 4334.7 4448.99 86.9543
5 1133 1647.24 75.4642
6 960.72 283.36 37.0269
7 3531.75 3621.33 103.085
8 898.01 2786.65 24.3869
9 4398.94 4923.55 124.765
10 3181.55 3664.82 32.0809
11 4682.3 2009.49 20.2499
12 3046.51 905.64 22.8033
13 1836.91 758.69 71.0517
14 620.75 3327.59 73.3048
15 4303.57 3665.27 16.2941
16 2477.95 1543.93 77.0325
17 1737.42 4771.87 106.735
18 4958.49 3626.21 73.9981
19 1148.26 1880.55 106.475
20 663.93 1243.78 109.09
21 1602.22 3069.7 27.6662
22 2032.84 4565.26 104.805
23 2644.73 2047.64 103.662
24 3400.68 1699.42 20.0078
25 4102.45 4377.57 52.2158
26 453.96 959.5 51.1741
27 2415.08 4100.47 56.116
28 3483.69 1729.94 127.33
29 1160.01 2792.14 47.2857
0 3682.52 1081.73 6.48144 0.518485
1 4623.1 3761.25 10.5743 0.302831
2 3620.56 41.66 10.7539 0.872929
3 1821.5 3729.82 5.63575 0.344627
4 2625.97 480.36 5.96255 0.43327
5 571.15 4988.25 10.0504 0.597761
6 3214.36 4971.31 14.7293 1.52911
7 293.59 347.61 7.18584 0.690542
8 1220.44 699.64 12.5509 0.216887
9 2862.18 1398.36 13.2967 0.549002
10 2747.28 4242.23 5.37969 0.656935
11 1391.49 2763.15 10.5326 0.328878
12 4522.69 1120.18 14.9281 1.19879
13 4701.22 4333.93 12.7006 0.579546
14 321.67 2160.1 9.48917 0.329054
15 1358.84 4764.85 13.1705 0.401312
16 3607.9 1191.9 6.03932 0.270656
17 4710.99 2007.81 11.9834 0.550345
18 4053.16 1116.82 10.2288 1.01828
19 2804.5 4170.35 14.7202 0.580565
20 3089.54 2875.15 13.948 0.554361
21 4608.75 1476.18 5.7566 1.19096
22 1151.62 4345.38 8.66542 1.32136
23 1441.08 2611.47 12.712 0.219559
24 1763.82 3706.93 14.9412 0.747127
