50 25
0 4865.72 698.26 35.8753
1 4589.37 2467.88 33.2921
2 1522.42 4752.8 38.5272
3 987.43 685.45 18.773
4 346.23 712.15 19.0164
5 2231.51 336.47 22.8674
6 3987.85 3772.39 25.0114
7 795.01 2323.22 12.0156
8 2271.49 4363.99 15.6289
9 3170.26 1311.99 25.8446
10 1268.81 1560.56 10.8585
11 2773.83 2640.92 16.3882
12 700.86 1494.19 13.7958
13 2824.03 4314.4 15.292
14 1078.07 1562.4 16.655
15 1843.32 1118.05 20.2273
16 4481.49 3707.54 12.1782
17 1946.32 383.47 9.9377
18 393.54 2550.13 23.6125
19 2564.93 1434.22 28.103
20 484.94 1656.39 22.0569
21 4770.65 3245.49 38.4655
22 3760.34 3721.88 38.4193
23 3848.69 2347.33 13.9283
24 973.08 2952.21 26.4178
25 279.24 503.71 30.8316
26 4714.96 423.29 37.4815
27 1785.33 4197.97 35.7775
28 4083.53 700.09 17.0774
29 1598.41 455.79 28.6491
30 337.69 496.69 24.2831
31 603.66 1038.39 30.5164
32 2444.99 2659.23 13.5709
33 3517.26 4534.75 13.3419
34 3927.73 1251.72 21.0234
35 1752.37 3386.33 9.87031
36 4914.55 1027.41 20.9174
37 3132.72 374.77 33.4937
38 803.25 2064.73 16.6091
39 1106.6 1603.6 27.8143
40 1441.24 2852.26 16.3124
41 3619.5 504.32 34.7892
42 2228.77 2600.63 33.655
43 4300.97 4900.97 35.2163
44 1054.26 1065.4 11.7646
45 1123.08 1660.51 33.7723
46 2464.37 1660.36 29.8626
47 185.25 965.3 25.8499
48 2976.62 1143.22 15.1997
49 4781.64 4732.05 21.1378
0 2492.14 4399.85 13.4641 1.63268
1 1881.77 980.71 9.84438 1.19862
2 3070.16 4080.48 11.8833 0.403366
3 403 2308.42 7.08578 1.03069
4 4672.69 3736.38 9.11997 1.07966
5 4382.76 2512.89 8.04133 0.219346
6 4669.94 790.58 13.2624 0.14012
7 451.22 2506.33 10.7028 1.29201
8 414.59 413.68 10.177 1.03602
9 3909.42 1447.65 9.74579 0.190884
10 1747.64 3633.23 13.9309 0.973602
11 2527.7 968.35 10.9396 0.471264
12 1442.61 1622.21 9.27892 0.762096
13 1801.51 34.49 11.5309 0.804828
14 3746.76 704.21 13.2371 0.296277
15 3066.65 1223.79 14.3559 0.207583
16 3673.51 99.19 10.7902 0.736616
17 3382.06 1700.34 9.36863 0.549204
18 2203.13 1946.32 12.311 1.00121
19 3588.52 4668.26 9.94039 1.21237
20 48.52 633.56 10.2815 1.70374
21 3444.32 4584.34 10.1923 1.32626
22 140.54 964.38 9.69806 1.61894
23 250.4 1911.98 11.0352 2.01555
24 1490.98 2194.59 13.0488 1.34284
