50 25
0 2599.87 429.7 18.9068
1 2699.67 405.44 48.9078
2 858.49 4937.44 40.2456
3 437.33 1077 41.5553
4 4191.26 2891.48 73.4861
5 736.41 3642.69 73.0963
6 3264.87 3885.31 19.9284
7 2535.17 634.63 68.1751
8 4937.44 1477.86 77.3043
9 255.44 987.88 39.6155
10 3305.76 3176.82 9.86101
11 4483.93 1118.81 49.7584
12 2091.13 1403.85 38.9529
13 4694.66 4882.96 48.0915
14 394.76 4356.67 56.5559
15 2294.38 2563.4 55.3443
16 1352.89 3165.84 34.4097
17 4771.72 1551.56 23.2407
18 723.59 4260.38 38.1679
19 4229.41 3871.58 10.2365
20 4937.44 3341.93 48.4348
21 1083.86 3207.19 32.1383
22 640.43 4878.08 52.7968
23 1212.81 1586.96 14.4442
24 264.9 3518.48 34.8986
25 2329.17 3384.5 12.4587
26 654.47 1342.36 49.8745
27 2866.3 1787.47 76.4174
28 4278.39 2340.62 71.2485
29 4154.48 396.59 68.1376
30 64.55 3042.24 24.0103
31 4168.07 104.53 17.5969
32 3383.59 687.89 67.7341
33 3628.04 3917.2 36.1868
34 2213.05 2860.5 49.6388
35 2738.27 4868.31 44.9051
36 4016.54 4975.28 25.0325
37 4337.75 4687.49 26.2575
38 364.7 4537.95 66.7317
39 1750.24 3376.26 37.9771
40 3834.35 3578.3 22.4566
41 2112.8 2347.94 61.7213
42 4210.94 3160.8 15.0451
43 3464 1288.8 61.1154
44 3532.21 1384.78 42.7232
45 1372.26 1395.92 69.4221
46 1998.2 3774.53 70.5934
47 3387.86 148.32 31.1223
48 4284.04 2470.17 50.4039
49 2096.93 267.34 78.3457
0 2492.75 1039.92 10.788 0.522393
1 4607.68 4652.55 8.25551 0.991183
2 4644.15 4679.56 9.99246 1.3474
3 877.86 1861.78 8.24567 0.605654
4 2192.14 2798.24 7.44612 0.381734
5 4360.18 2519.61 8.49167 0.983372
6 3048.04 3315.38 7.43512 0.842583
7 3837.55 151.83 11.6269 0.839986
8 4506.82 3225.35 10.2896 0.865178
9 4188.67 37.23 14.478 0.664132
10 3489.64 995.36 9.39825 0.0766997
11 4818.87 2038.79 13.4693 0.399726
12 3670.92 3309.73 10.2874 0.513589
13 52.95 2548.6 12.0068 0.905428
14 271.46 3814.81 11.6245 0.270077
15 3524.58 4449.14 9.35536 1.51288
16 799.13 4023.71 6.67317 1.75283
17 1087.37 1498.31 10.2482 0.0584531
18 2516.86 4033.94 9.77949 0.0662367
19 4287.24 1045.56 6.30348 0.768846
20 4922.18 3217.26 5.31773 0.197881
21 3917.36 1483.5 8.38725 0.558054
22 3015.99 3535.26 14.3938 0.832329
23 697.35 3341.47 9.54987 0.113617
24 4645.83 638.45 13.4049 0.164352
