50 75
0 3942.23 1654.56 76.0827
1 2408.37 1215.55 109.952
2 862.45 3391.83 59.8585
3 4868.01 324.41 52.8377
4 567.34 3699.76 69.9244
5 4123.2 1680.2 87.7795
6 161.44 856.96 28.2232
7 4060.95 4952.7 43.3676
8 4143.65 3342.39 36.8742
9 819.88 4501.79 91.9979
10 3606.68 2859.74 105.035
11 1839.05 2856.53 79.347
12 3923.76 1905.42 90.5851
13 1283 65 52.3974
14 4827.42 4156.16 55.0387
15 2000.49 3442.64 57.6374
16 4286.02 3461.87 33.2296
17 1672.87 4752.65 38.4266
18 87.74 4722.74 27.8869
19 3307.44 4350.41 91.6473
20 534.07 2431.71 103.16
21 2733.39 4321.42 63.8527
22 3150.88 166.17 29.7085
23 3255.41 143.74 66.1534
24 2824.03 1805.17 25.7741
25 122.68 2908.87 44.5318
26 3265.18 2759.33 34.0007
27 4967.96 1628.01 43.7629
28 3213.6 1989.81 55.4838
29 2872.4 2660.3 74.4348
30 1279.64 3100.53 96.1549
31 2216.41 789.67 50.387
32 839.26 283.36 33.7575
33 4967.19 3983.73 86.724
34 3881.04 2399.06 53.7899
35 2564.01 1364.94 97.1444
36 216.38 972.01 60.3687
37 53.56 1427.81 108.06
38 957.21 385.3 101.438
39 3635.82 29.3 52.0866
40 2665.49 1051.82 60.6448
41 4271.52 187.08 35.0814
42 1085.85 3846.4 86.6933
43 2512.89 3215.43 45.7625
44 862 1577.81 64.4858
45 2210.61 3229.77 52.1462
46 147.4 784.94 26.3917
47 3252.36 4553.06 91.3816
48 1513.26 4635.15 101.43
49 993.38 4051.94 79.2131
0 2492.14 4399.85 6.22027 0.213217
1 1881.77 980.71 10.5677 0.182794
2 3070.16 4080.48 12.0632 0.471094
3 403 2308.42 9.75903 0.0097182
4 4672.69 3736.38 10.0702 0.517137
5 4382.76 2512.89 6.48249 0.48478
6 4669.94 790.58 8.19048 0.373509
7 451.22 2506.33 7.77911 0.58852
8 414.59 413.68 14.7302 0.526836
9 3909.42 1447.65 11.0198 0.194167
10 1747.64 3633.23 13.2982 0.651559
11 2527.7 968.35 12.3089 0.249667
12 1442.61 1622.21 13.51 0.00362797
13 1801.51 34.49 10.2076 0.77037
14 3746.76 704.21 14.0021 0.550549
15 3066.65 1223.79 9.65951 0.00739658
16 3673.51 99.19 12.8846 0.01626
17 3382.06 1700.34 6.68111 0.426578
18 2203.13 1946.32 5.66433 0.387476
19 3588.52 4668.26 13.9291 0.570646
20 48.52 633.56 14.6143 0.496192
21 3444.32 4584.34 11.0779 0.219002
22 140.54 964.38 6.0151 0.0948592
23 250.4 1911.98 7.93547 0.775828
24 1490.98 2194.59 12.253 1.09625
25 4865.72 698.26 11.0887 0.185464
26 4589.37 2467.88 7.74105 0.649683
27 1522.42 4752.8 13.8295 0.336202
28 987.43 685.45 11.0612 0.349975
29 346.23 712.15 6.845 0.464486
30 2231.51 336.47 14.3215 0.757847
31 3987.85 3772.39 12.2729 0.144993
32 795.01 2323.22 14.7534 0.045878
33 2271.49 4363.99 14.7658 0.739935
34 3170.26 1311.99 5.44826 0.526396
35 1268.81 1560.56 7.34123 0.687764
36 2773.83 2640.92 6.32909 0.0272524
37 700.86 1494.19 11.4269 0.312597
38 2824.03 4314.4 6.43714 0.478715
39 1078.07 1562.4 6.11925 0.274352
40 1843.32 1118.05 14.9276 0.435857
41 4481.49 3707.54 9.30409 0.157638
42 1946.32 383.47 12.1309 0.192981
43 393.54 2550.13 12.8383 0.240931
44 2564.93 1434.22 8.28997 0.106969
45 484.94 1656.39 7.26912 0.0644177
46 4770.65 3245.49 11.7291 0.700787
47 3760.34 3721.88 14.3685 0.815988
48 3848.69 2347.33 8.3759 0.14246
49 973.08 2952.21 6.61235 0.0311298
50 279.24 503.71 13.6598 0.534481
51 4714.96 423.29 5.53283 0.198324
52 1785.33 4197.97 10.7763 0.3272
53 4083.53 700.09 7.45003 0.514526
54 1598.41 455.79 12.0433 1.00908
55 337.69 496.69 7.78618 0.8865
56 603.66 1038.39 5.56996 0.595944
57 2444.99 2659.23 12.8657 0.313866
58 3517.26 4534.75 10.2128 0.13306
59 3927.73 1251.72 12.5948 0.139276
60 1752.37 3386.33 13.2021 0.393626
61 4914.55 1027.41 12.0939 0.137807
62 3132.72 374.77 8.32422 0.182459
63 803.25 2064.73 12.3055 0.0484194
64 1106.6 1603.6 7.32814 0.0903452
65 1441.24 2852.26 13.8299 0.148327
66 3619.5 504.32 11.3424 0.646947
67 2228.77 2600.63 7.12339 0.0261908
68 4300.97 4900.97 10.0995 0.536434
69 1054.26 1065.4 12.5157 0.438513
70 1123.08 1660.51 10.2218 0.193007
71 2464.37 1660.36 14.4921 0.348209
72 185.25 965.3 13.6298 0.270502
73 2976.62 1143.22 12.4745 0.390262
74 4781.64 4732.05 9.0099 0.263247
