40 50
0 4957.88 4980.77 61.7061
1 3129.52 2495.04 32.4729
2 69.89 1509.29 55.3235
3 3661.15 3409.22 58.0482
4 1215.86 2157.96 83.0975
5 2200.08 3104.8 56.3215
6 888.55 2770.47 24.7831
7 3746.91 1485.49 22.0349
8 2162.08 3267.31 64.6881
9 3611.1 4910.12 82.003
10 1597.95 4552.6 90.5775
11 4814.45 4607.84 49.2689
12 2121.04 509.81 20.8303
13 230.72 886.56 21.7939
14 3523.97 2116.31 64.6392
15 3366.8 1411.63 51.1199
16 752.89 3207.04 83.3453
17 4193.7 4338.66 84.0527
18 2634.36 4922.33 86.4443
19 3932.46 4581.13 84.6047
20 1196.94 3365.89 23.799
21 200.81 3994.87 53.7842
22 4245.43 2509.69 54.5947
23 1428.57 3758.51 69.2234
24 1342.05 1871.24 90.4206
25 1945.4 4732.96 51.4531
26 854.06 1000.4 75.3568
27 1649.83 4080.48 31.447
28 3220.31 301.83 21.8946
29 1663.87 3925.6 84.8648
30 3095.49 227.97 30.9362
31 4880.83 336.92 81.6384
32 527.36 3371.99 61.6794
33 2811.37 3414.26 31.1631
34 3824.43 1491.44 41.473
35 2634.97 1757.71 53.7119
36 4266.79 1997.28 84.5548
37 862.61 2106.39 79.8916
38 322.28 934.02 53.1872
39 2517.47 2421.19 88.8069
0 4560.08 1410.41 14.49 0.468282
1 2965.64 1108.13 11.5723 0.933123
2 3370.62 3668.94 6.52198 0.444326
3 2550.13 980.41 9.59285 1.42017
4 4763.02 811.79 5.50988 0.755728
5 4126.1 1350.75 9.60773 0.666431
6 1022.83 1920.22 9.30024 0.102827
7 129.55 3370.77 11.7247 0.434106
8 818.2 2126.83 11.8477 0.814728
9 4257.79 1166.72 10.0411 0.870005
10 3617.51 4981.38 11.8463 0.0823687
11 2494.13 4387.8 10.965 0.618116
12 174.11 1623.89 10.8106 0.177983
13 3715.63 2011.02 5.0697 0.252734
14 4231.7 1296.27 11.5495 0.666441
15 1284.22 3191.32 8.69643 0.311332
16 3104.34 220.65 12.1836 0.112781
17 4532.76 3429.67 10.9197 0.80711
18 2293.31 3381.91 10.6576 0.184256
19 1547.14 1847.44 5.44493 0.690296
20 1789.76 1237.53 8.6751 0.955144
21 2157.66 2845.09 12.2826 0.341189
22 4225.9 894.34 11.7934 0.483869
23 2536.85 2925.81 5.19716 0.902464
24 2525.71 3776.67 13.8152 0.553768
25 318.92 967.28 12.3833 0.615613
26 2217.02 4320.66 11.1207 0.112615
27 1640.52 2722.1 8.82546 0.985371
28 1054.11 1725.82 8.61442 0.900851
29 4012.73 2827.23 10.7417 0.468823
30 1114.23 4294.56 6.87682 0.159968
31 1428.88 105.59 14.1365 0.651925
32 1019.78 3388.32 14.2228 0.853106
33 615.71 4438.76 12.1893 1.20443
34 3443.71 1538.44 14.8667 0.490393
35 4832.45 992.77 6.08775 1.24977
36 553.76 1734.98 8.63302 0.292724
37 4124.73 81.94 10.0671 1.27225
38 2554.7 2429.88 11.5288 0.396674
39 3441.57 3443.86 5.14705 0.070947
40 1979.13 284.59 6.69934 0.483661
41 2518.08 215.31 9.8093 0.177968
42 3889.74 192.42 5.59008 0.247791
43 3933.07 3385.72 11.0391 0.103684
44 4643.54 4607.68 11.5617 0.144139
45 3245.64 9.16 13.747 0.261921
46 4378.49 1712.55 9.16506 0.569789
47 2620.32 959.81 11.3033 1.45469
48 876.03 4454.33 8.6793 0.523575
49 1841.33 3506.88 5.76756 0.180781
