50 100
0 122.68 2908.87 58.4122
1 3265.18 2759.33 31.4373
2 4967.96 1628.01 139.781
3 3213.6 1989.81 131.542
4 2872.4 2660.3 107.886
5 1279.64 3100.53 30.7811
6 2216.41 789.67 127.374
7 839.26 283.36 55.8999
8 4967.19 3983.73 102.895
9 3881.04 2399.06 86.5595
10 2564.01 1364.94 39.5075
11 216.38 972.01 51.8666
12 53.56 1427.81 98.0287
13 957.21 385.3 117.828
14 3635.82 29.3 114.092
15 2665.49 1051.82 43.6296
16 4271.52 187.08 35.4083
17 1085.85 3846.4 58.6359
18 2512.89 3215.43 132.678
19 862 1577.81 70.9635
20 2210.61 3229.77 139.266
21 147.4 784.94 91.5338
22 3252.36 4553.06 41.6977
23 1513.26 4635.15 68.4118
24 993.38 4051.94 132.164
25 3063.45 206.15 105.031
26 2531.21 2936.8 143.42
27 1158.64 937.83 126.123
28 2481.77 56.46 106.063
29 3660.08 2526.63 124.153
30 3416.24 1216.77 66.4195
31 95.22 3051.55 43.3197
32 3608.81 1557.36 82.7916
33 2655.87 609.3 58.8786
34 2258.52 515.31 95.8254
35 4429.3 4239.94 133.948
36 4836.12 1408.28 32.6946
37 3775.6 1424.91 80.1266
38 3713.49 168 44.9402
39 1250.95 2938.93 106.839
40 1735.44 256.05 75.7657
41 2988.07 3336.13 46.5107
42 3884.24 3290.81 62.4105
43 1936.09 2853.18 141.751
44 4696.95 2420.27 129.682
45 869.93 4008 93.2137
46 1591.85 2970.21 42.7255
47 3571.73 3679.16 53.3302
48 1759.09 2397.08 62.6064
49 3093.51 3942.99 39.7069
0 2492.14 4399.85 8.27682 1.09278
1 1881.77 980.71 6.04403 0.533956
2 3070.16 4080.48 7.63092 0.895298
3 403 2308.42 8.28055 0.646423
4 4672.69 3736.38 8.14279 1.85077
5 4382.76 2512.89 12.3475 1.21218
6 4669.94 790.58 6.85747 0.769093
7 451.22 2506.33 7.91845 0.525225
8 414.59 413.68 14.0194 1.00135
9 3909.42 1447.65 14.6698 0.761768
10 1747.64 3633.23 7.52824 1.75778
11 2527.7 968.35 12.5165 0.620435
12 1442.61 1622.21 13.7701 0.450466
13 1801.51 34.49 5.0676 1.20765
14 3746.76 704.21 10.5524 2.30478
15 3066.65 1223.79 9.29371 0.683361
16 3673.51 99.19 8.97579 0.499208
17 3382.06 1700.34 8.74711 1.45014
18 2203.13 1946.32 9.54094 1.0456
19 3588.52 4668.26 13.2805 1.03217
20 48.52 633.56 11.4464 0.407299
21 3444.32 4584.34 11.2238 0.966873
22 140.54 964.38 10.621 0.329816
23 250.4 1911.98 10.0675 0.388758
24 1490.98 2194.59 7.88074 0.919579
25 4865.72 698.26 9.47513 1.82495
26 4589.37 2467.88 9.73707 0.312015
27 1522.42 4752.8 11.6229 0.699015
28 987.43 685.45 9.62889 0.462169
29 346.23 712.15 6.86091 0.287591
30 2231.51 336.47 5.70347 1.36732
31 3987.85 3772.39 10.7104 0.292123
32 795.01 2323.22 7.50939 1.71324
33 2271.49 4363.99 11.6178 2.34598
34 3170.26 1311.99 7.16457 1.01523
35 1268.81 1560.56 9.36575 0.28963
36 2773.83 2640.92 9.85924 0.888952
37 700.86 1494.19 8.9136 0.773353
38 2824.03 4314.4 13.3277 0.927771
39 1078.07 1562.4 8.22551 0.813189
40 1843.32 1118.05 11.6226 1.15352
41 4481.49 3707.54 9.6882 2.50521
42 1946.32 383.47 7.86062 0.945705
43 393.54 2550.13 6.72513 0.732548
44 2564.93 1434.22 7.5531 0.597023
45 484.94 1656.39 5.11198 0.900917
46 4770.65 3245.49 8.80952 1.64146
47 3760.34 3721.88 10.0156 0.338913
48 3848.69 2347.33 10.1721 0.312853
49 973.08 2952.21 14.5028 0.413191
50 279.24 503.71 8.74637 1.23019
51 4714.96 423.29 8.8338 0.603546
52 1785.33 4197.97 7.13345 0.600406
53 4083.53 700.09 10.6022 1.50718
54 1598.41 455.79 9.97164 1.35995
55 337.69 496.69 9.66926 0.942423
56 603.66 1038.39 6.66555 0.428524
57 2444.99 2659.23 8.98132 0.632797
58 3517.26 4534.75 12.1639 0.854828
59 3927.73 1251.72 14.1478 0.5104
60 1752.37 3386.33 9.17993 0.888503
61 4914.55 1027.41 5.49686 2.41179
62 3132.72 374.77 6.93039 0.217037
63 803.25 2064.73 11.9264 0.483598
64 1106.6 1603.6 11.475 0.50707
65 1441.24 2852.26 11.8211 0.445883
66 3619.5 504.32 6.79577 2.20366
67 2228.77 2600.63 12.6551 0.586555
68 4300.97 4900.97 6.00053 2.75149
69 1054.26 1065.4 8.80405 0.983133
70 1123.08 1660.51 13.1118 0.86644
71 2464.37 1660.36 11.2682 0.682844
72 185.25 965.3 6.43042 0.420663
73 2976.62 1143.22 8.38801 1.37353
74 4781.64 4732.05 5.09742 0.505274
75 3942.23 1654.56 14.5571 1.50681
76 2408.37 1215.55 12.2692 0.697884
77 862.45 3391.83 8.49456 0.42853
78 4868.01 324.41 6.53201 0.932027
79 567.34 3699.76 10.8143 0.910873
80 4123.2 1680.2 7.543 1.58066
81 161.44 856.96 6.33096 0.172146
82 4060.95 4952.7 14.3945 0.41365
83 4143.65 3342.39 9.82792 1.15774
84 819.88 4501.79 14.4646 0.367883
85 3606.68 2859.74 13.2372 0.287013
86 1839.05 2856.53 9.2764 0.321894
87 3923.76 1905.42 10.7454 1.51624
88 1283 65 7.78038 0.613036
89 4827.42 4156.16 14.5874 0.384793
90 2000.49 3442.64 11.4777 0.633423
91 4286.02 3461.87 14.919 1.14567
92 1672.87 4752.65 9.27861 0.407653
93 87.74 4722.74 10.1011 2.41094
94 3307.44 4350.41 10.7024 0.174776
95 534.07 2431.71 5.86849 0.650588
96 2733.39 4321.42 8.01773 1.0147
97 3150.88 166.17 12.412 1.43163
98 3255.41 143.74 14.3222 0.313731
99 2824.03 1805.17 14.0199 0.925444
