20 100
0 4291.36 2940.92 489.053
1 2463.3 4062.32 258.378
2 1527.76 1560.41 604.1
3 4025.39 1888.94 110.313
4 1183.51 1164.59 307.227
5 562.76 3032.78 636.194
6 63.33 3851.44 686.355
7 745.57 4094.21 151.344
8 3036.29 3502 242.29
9 4962.92 304.42 102.387
10 2711.57 4878.99 234.473
11 3656.27 3651.69 303.278
12 686.97 3006.07 418.4
13 4803.77 3554.19 607.892
14 1150.24 488.6 496.847
15 2584.15 3991.21 673.928
16 115.67 2929.01 146.808
17 1755.73 3493.15 495.719
18 1076.54 93.54 127.953
19 4778.44 1900.08 158.846
0 4560.53 3050.63 14.9436 0.171866
1 691.55 4780.11 7.05891 2.34399
2 4944.61 4268.17 13.5039 1.48043
3 3024.99 533.62 9.3163 1.83874
4 2282.33 4873.65 7.19031 0.695087
5 4103.52 1357.46 5.84539 1.21642
6 4401.07 4445.02 5.58695 1.84422
7 3515.88 1016.27 13.2763 1.74934
8 4910.43 4938.35 5.22265 0.879304
9 4537.19 4756.46 5.2811 1.68165
10 359.2 2343.52 9.95362 1.71472
11 4785.3 457.93 11.9552 0.784339
12 2402.42 3311.41 8.16623 0.700605
13 1967.07 4525.13 14.0858 1.04428
14 756.25 4406.87 11.6013 1.79463
15 1742.15 1416.52 6.84574 0.733681
16 229.96 4145.18 5.73264 0.30275
17 2238.07 3227.48 10.5851 0.936366
18 2607.04 469.37 8.90802 0.236747
19 2245.86 3224.89 8.65371 1.33065
20 1663.26 3821.22 12.485 0.68381
21 2630.54 4744.41 13.0449 0.793344
22 2101.2 3465.22 7.4191 1.23623
23 2983.95 4355.3 5.46894 0.265308
24 680.41 2220.53 6.32856 2.41225
25 3053.07 698.72 8.49634 2.74869
26 327.16 2258.06 10.6176 0.247112
27 976.59 2906.74 8.6527 0.0839642
28 503.86 2117.37 13.5123 0.477614
29 2857.6 6.41 5.37904 2.07398
30 4619.13 2600.48 8.04872 0.942112
31 705.89 218.51 9.7667 1.91679
32 2759.94 1699.73 10.49 0.936519
33 3281.66 1552.63 5.02164 1.62561
34 528.89 1214.33 10.518 2.09662
35 1869.26 2609.03 7.73672 0.000930294
36 2263.86 212.87 14.1077 0.644266
37 514.69 4991.76 13.5209 2.41413
38 4425.34 2998.44 14.4918 0.236014
39 2758.26 1237.98 10.7629 2.81406
40 2430.19 1729.79 6.37922 0.104192
41 4389.63 4673.6 12.6133 1.69992
42 1714.99 1360.36 14.089 0.517342
43 4262.98 95.68 13.5748 1.17667
44 1307.87 2044.89 10.2893 1.97639
45 2697.99 1694.69 12.7209 1.11893
46 691.7 1674.25 14.9645 2.01107
47 4500.56 2116 13.5994 0.202652
48 3240.46 3693.96 9.2415 0.890072
49 1133.15 4073.15 13.9494 1.17323
50 2007.66 2861.42 6.97919 0.314346
51 4069.19 3413.95 7.43946 0.109832
52 1151.01 4098.94 10.1264 1.56075
53 3856.01 49.75 13.0486 1.58617
54 3771.94 2098.76 5.839 0.253255
55 1927.09 650.35 11.0161 1.04985
56 4452.96 1836.76 14.6963 0.264083
57 4685.51 4514.45 6.86895 0.435774
58 2273.02 2649.77 6.60869 0.819417
59 1896.42 1518.75 11.4565 0.897798
60 2583.85 1034.42 6.50103 2.26902
61 3916.44 3555.71 8.69405 0.366838
62 3326.06 4822.53 6.68719 1.05016
63 4792.17 3359.94 10.1811 0.398507
64 4167.61 3888.97 14.8184 0.358686
65 759.76 2137.67 11.02 1.56198
66 4246.5 50.51 13.14 1.82025
67 1175.73 4898.83 8.70406 2.37857
68 1797.54 1310.16 14.6195 0.706878
69 1410.11 4900.51 7.56905 2.5801
70 1445.97 3101.29 13.5232 1.75577
71 4734.79 1108.89 9.71062 0.650234
72 2447.74 1692.71 7.35632 2.14771
73 2735.98 85.3 9.76151 0.682636
74 3657.49 2406.69 11.8093 0.0235929
75 1285.44 1200.45 10.1678 0.661666
76 3508.1 2808.31 7.63529 0.266649
77 1596.88 1586.66 7.65749 0.755344
78 780.21 3521.07 10.0148 0.971754
79 3403.42 4732.81 10.4781 1.93687
80 4444.26 1826.69 6.74002 0.0228707
81 4784.84 4126.71 5.13977 0.891459
82 3354.75 703.15 8.39072 0.999019
83 675.98 853.6 12.8716 1.23564
84 4082.46 3459.73 12.5693 1.10462
85 4589.83 1556.44 9.96443 0.523756
86 2658.93 1622.67 14.8902 2.96073
87 581.84 661.95 8.65121 0.733779
88 3520.62 1230.66 6.39803 0.802776
89 4992.68 3282.57 7.49805 0.831189
90 1431.17 192.72 13.4759 0.581824
91 4994.96 2696.46 6.9871 0.204302
92 4662.77 1869.26 9.56019 0.499586
93 3480.18 3816.34 14.5576 0.410378
94 218.51 2527.09 6.05235 1.80435
95 2313.15 1548.36 6.2759 2.29059
96 4378.95 2830.9 12.4793 0.0938304
97 3487.35 451.06 13.8006 1.50972
98 4348.74 1021.15 6.32249 1.19365
99 212.26 4600.21 5.32506 0.490271
