50 100
0 1915.49 4958.49 215.795
1 3731.96 2315.44 121.023
2 3520.62 1536.3 263.586
3 2602.77 1540.42 208.634
4 3382.52 4193.24 63.2361
5 3343.46 1866.21 94.7384
6 3717.46 2387.01 214.981
7 1762.14 821.25 170.186
8 4578.39 540.64 147.579
9 3343.46 3195.75 158.167
10 367.9 1630.91 94.611
11 3104.04 4595.78 130.679
12 4796.75 436.72 47.5061
13 1474.96 1923.58 258.6
14 70.8 4101.23 276.147
15 3240.91 4685.96 159.061
16 3590.2 164.19 175.682
17 4065.37 3540.45 212.136
18 2935.88 4722.74 84.8987
19 1637.47 4982.76 87.1915
20 2431.41 872.52 146.956
21 967.59 3584.09 32.3483
22 2056.79 92.47 80.566
23 864.89 683.31 150.689
24 1997.44 1721.55 203.457
25 1127.81 939.97 120.385
26 3609.12 3188.57 190.556
27 2478.87 655.38 73.0705
28 80.11 1151.62 152.294
29 3775.14 4267.4 208.607
30 2572.56 1199.99 165.749
31 3524.28 2924.89 84.6211
32 121.62 1278.12 112.148
33 239.57 1549.42 89.7191
34 4078.95 1485.49 161.546
35 3663.59 3288.98 232.244
36 374.31 410.78 258.81
37 1392.41 2770.01 84.3007
38 384.69 654.62 70.8202
39 2931.15 2055.27 42.8878
40 3685.57 3698.69 60.7079
41 712.91 713.22 176.283
42 3468.73 1775.41 239.708
43 111.7 3904.08 50.4237
44 2908.26 1898.71 195.188
45 2980.29 4890.44 245.372
46 3254.19 4705.8 113.911
47 1744.9 877.41 70.4336
48 1936.25 3271.58 192.095
49 3588.82 3590.04 262.852
0 2492.75 1039.92 12.6648 0.0535523
1 4607.68 4652.55 5.93705 1.41405
2 4644.15 4679.56 12.5912 0.532398
3 877.86 1861.78 6.59149 1.9703
4 2192.14 2798.24 12.1286 0.304104
5 4360.18 2519.61 7.42903 1.58625
6 3048.04 3315.38 11.5776 0.572861
7 3837.55 151.83 6.61653 0.186711
8 4506.82 3225.35 5.31335 1.54764
9 4188.67 37.23 7.73518 0.782733
10 3489.64 995.36 7.13533 2.28447
11 4818.87 2038.79 7.98943 2.79609
12 3670.92 3309.73 7.13311 0.771737
13 52.95 2548.6 5.45533 3.09061
14 271.46 3814.81 11.3981 0.299961
15 3524.58 4449.14 14.88 0.947194
16 799.13 4023.71 7.62592 0.614992
17 1087.37 1498.31 12.7658 2.08953
18 2516.86 4033.94 11.4889 0.189767
19 4287.24 1045.56 10.384 0.479391
20 4922.18 3217.26 9.39691 2.39261
21 3917.36 1483.5 13.173 0.205877
22 3015.99 3535.26 12.3004 0.189108
23 697.35 3341.47 7.91095 0.663532
24 4645.83 638.45 11.2961 0.760861
25 2599.87 429.7 10.0457 1.64818
26 2699.67 405.44 6.44237 0.179044
27 858.49 4937.44 9.61928 1.54646
28 437.33 1077 13.8663 0.00394918
29 4191.26 2891.48 8.16081 0.465936
30 736.41 3642.69 5.62569 0.91909
31 3264.87 3885.31 13.0094 0.856646
32 2535.17 634.63 5.41959 0.52901
33 4937.44 1477.86 11.5473 2.60845
34 255.44 987.88 8.88422 1.0644
35 3305.76 3176.82 6.64306 0.435136
36 4483.93 1118.81 14.9838 1.82372
37 2091.13 1403.85 14.1918 0.695908
38 4694.66 4882.96 12.913 1.54582
39 394.76 4356.67 7.19494 0.433319
40 2294.38 2563.4 9.31294 1.16921
41 1352.89 3165.84 14.5635 0.281895
42 4771.72 1551.56 11.5252 0.16689
43 723.59 4260.38 9.05234 1.94679
44 4229.41 3871.58 11.4634 0.879253
45 4937.44 3341.93 8.78176 1.3007
46 1083.86 3207.19 8.00823 0.213332
47 640.43 4878.08 13.7265 1.61326
48 1212.81 1586.96 6.39051 0.655822
49 264.9 3518.48 11.9192 0.465158
50 2329.17 3384.5 6.10978 1.33724
51 654.47 1342.36 12.7485 0.564671
52 2866.3 1787.47 6.41359 1.25045
53 4278.39 2340.62 8.5386 1.24576
54 4154.48 396.59 12.1241 0.160661
55 64.55 3042.24 9.7206 2.29153
56 4168.07 104.53 11.2634 2.26167
57 3383.59 687.89 14.7204 0.244163
58 3628.04 3917.2 7.15733 0.727031
59 2213.05 2860.5 9.66835 0.326794
60 2738.27 4868.31 12.5112 0.352026
61 4016.54 4975.28 14.6009 0.578712
62 4337.75 4687.49 6.28296 1.56587
63 364.7 4537.95 7.5607 0.367941
64 1750.24 3376.26 5.04693 0.541964
65 3834.35 3578.3 6.34378 0.108318
66 2112.8 2347.94 11.058 0.110123
67 4210.94 3160.8 9.8071 0.851882
68 3464 1288.8 11.2611 1.73172
69 3532.21 1384.78 12.6637 1.49335
70 1372.26 1395.92 8.0733 1.85708
71 1998.2 3774.53 5.73805 0.498818
72 3387.86 148.32 13.0531 2.05001
73 4284.04 2470.17 14.676 1.37235
74 2096.93 267.34 7.76781 1.50591
75 3282.27 3122.04 7.96402 0.640906
76 62.26 3023.47 14.448 2.18036
77 809.5 898.01 10.4008 1.30856
78 2427.9 3543.66 14.426 0.443306
79 2306.89 4506.97 9.73308 1.09398
80 471.66 3278.76 12.8225 1.15369
81 65.31 4646.6 9.64331 1.55869
82 1888.18 2283.85 6.70615 0.658199
83 2008.27 781.73 11.5515 0.538957
84 1077.91 1469.77 14.0545 0.358868
85 561.39 2658.47 11.5858 0.919424
86 231.18 2481.92 8.34747 2.56732
87 3642.99 460.98 9.73488 2.25057
88 4481.34 361.64 5.1215 1.94731
89 2302.47 17.24 6.45625 0.501304
90 1913.05 1648.15 11.636 0.923395
91 2042.6 1960.2 8.11198 0.438999
92 1705.53 3074.59 13.7422 1.11073
93 2354.05 1248.51 6.85836 1.70911
94 1190.37 3517.26 12.6077 0.823063
95 1492.66 958.13 10.0469 0.980549
96 108.19 4352.7 12.4497 0.718623
97 1034.73 1744.29 10.1388 0.256112
98 2842.8 878.93 9.47714 0.370872
99 2236.24 885.95 13.0081 0.518239
