20 100
0 2498.55 891.14 363.583
1 1996.52 4506.21 219.04
2 2975.25 1652.12 230.759
3 4636.22 2338.18 114.563
4 673.39 4631.95 251.523
5 3499.1 4267.1 361.284
6 3562.43 2253.94 209.399
7 4822.69 3556.32 304.451
8 3425.09 1944.94 78.4672
9 500.2 4507.89 311.61
10 4907.68 4613.03 143.061
11 768.61 27.77 347.539
12 943.94 3997.31 302.891
13 4285.87 2015.9 221.035
14 4715.26 1416.82 221.739
15 2008.73 357.07 306.811
16 796.99 2951.75 171.835
17 3776.36 3799.1 318.018
18 653.55 3586.38 93.8767
19 4002.96 3495.28 208.498
0 4560.08 1410.41 14.8008 0.401454
1 2965.64 1108.13 14.4036 0.425271
2 3370.62 3668.94 13.1066 0.324694
3 2550.13 980.41 9.59429 0.0911558
4 4763.02 811.79 8.09173 0.658859
5 4126.1 1350.75 6.284 0.29545
6 1022.83 1920.22 10.2912 0.750082
7 129.55 3370.77 14.6564 1.06982
8 818.2 2126.83 8.98188 1.16806
9 4257.79 1166.72 9.77146 0.610967
10 3617.51 4981.38 6.92326 1.08982
11 2494.13 4387.8 14.0174 0.407791
12 174.11 1623.89 9.68862 1.79421
13 3715.63 2011.02 11.2761 0.352474
14 4231.7 1296.27 14.7741 0.0630532
15 1284.22 3191.32 6.67901 0.889124
16 3104.34 220.65 9.55375 0.608255
17 4532.76 3429.67 9.11937 0.3595
18 2293.31 3381.91 8.85331 1.46183
19 1547.14 1847.44 7.63394 0.719447
20 1789.76 1237.53 8.87485 0.242502
21 2157.66 2845.09 5.74578 0.657291
22 4225.9 894.34 13.1365 0.0385197
23 2536.85 2925.81 6.8245 0.312072
24 2525.71 3776.67 8.96725 0.517807
25 318.92 967.28 5.36797 1.06315
26 2217.02 4320.66 10.0032 0.654951
27 1640.52 2722.1 12.638 0.822576
28 1054.11 1725.82 7.76404 1.21445
29 4012.73 2827.23 5.08639 0.843466
30 1114.23 4294.56 8.91951 0.498871
31 1428.88 105.59 9.46897 0.113142
32 1019.78 3388.32 11.1845 0.711065
33 615.71 4438.76 13.751 0.547932
34 3443.71 1538.44 8.67885 0.0254001
35 4832.45 992.77 13.6706 0.513544
36 553.76 1734.98 5.74035 1.30604
37 4124.73 81.94 5.76543 1.25239
38 2554.7 2429.88 13.6334 0.508977
39 3441.57 3443.86 11.0008 0.0590332
40 1979.13 284.59 12.7639 0.13309
41 2518.08 215.31 5.739 0.389916
42 3889.74 192.42 11.6211 1.50808
43 3933.07 3385.72 13.3169 0.18691
44 4643.54 4607.68 7.11499 0.540494
45 3245.64 9.16 12.8616 0.694868
46 4378.49 1712.55 6.55299 0.106996
47 2620.32 959.81 5.18425 0.0619008
48 876.03 4454.33 7.45813 0.848716
49 1841.33 3506.88 7.57821 1.5836
50 4957.88 4980.77 6.19726 0.554048
51 3129.52 2495.04 13.1908 0.0487508
52 69.89 1509.29 5.01184 0.737082
53 3661.15 3409.22 14.0455 0.613014
54 1215.86 2157.96 7.27651 0.288782
55 2200.08 3104.8 14.5739 1.49516
56 888.55 2770.47 8.63836 0.391538
57 3746.91 1485.49 13.8453 0.0180321
58 2162.08 3267.31 12.2989 0.0991391
59 3611.1 4910.12 13.8947 1.20353
60 1597.95 4552.6 12.5389 0.108944
61 4814.45 4607.84 7.68594 0.425159
62 2121.04 509.81 13.9354 0.191374
63 230.72 886.56 8.4616 0.104303
64 3523.97 2116.31 12.3299 0.404942
65 3366.8 1411.63 12.1999 0.0956307
66 752.89 3207.04 14.4006 0.296373
67 4193.7 4338.66 11.2999 0.214424
68 2634.36 4922.33 5.53557 0.950155
69 3932.46 4581.13 14.1982 1.01711
70 1196.94 3365.89 5.02107 0.881549
71 200.81 3994.87 8.41912 1.12417
72 4245.43 2509.69 9.56433 0.272455
73 1428.57 3758.51 14.5348 0.0476876
74 1342.05 1871.24 12.839 0.735778
75 1945.4 4732.96 6.65138 0.602126
76 854.06 1000.4 11.9034 1.1669
77 1649.83 4080.48 8.18448 0.971033
78 3220.31 301.83 13.2973 0.683184
79 1663.87 3925.6 13.7749 1.06593
80 3095.49 227.97 8.65879 0.0220723
81 4880.83 336.92 12.1245 0.311213
82 527.36 3371.99 11.4989 0.660564
83 2811.37 3414.26 12.2121 0.184003
84 3824.43 1491.44 8.04646 0.0625319
85 2634.97 1757.71 5.20247 0.394832
86 4266.79 1997.28 6.04414 0.142168
87 862.61 2106.39 9.87681 0.00345719
88 322.28 934.02 5.56079 0.840462
89 2517.47 2421.19 6.87956 0.392726
90 1518.6 1987.21 9.13731 0.553344
91 2238.23 4198.28 12.8967 0.826789
92 4630.12 3547.17 11.1702 0.617038
93 1213.87 2290.41 8.02094 0.671109
94 2335.58 3360.24 12.8446 0.488969
95 1354.41 3021.94 14.1791 0.919098
96 2004 2799.62 9.48196 1.3201
97 603.35 3873.1 8.38953 0.622071
98 4761.35 286.11 9.66017 1.25697
99 800.04 519.27 7.22842 0.253236
