20 75
0 1285.44 1200.45 133.774
1 3508.1 2808.31 305.116
2 1596.88 1586.66 450.337
3 780.21 3521.07 240.962
4 3403.42 4732.81 58.8817
5 4444.26 1826.69 495.448
6 4784.84 4126.71 213.03
7 3354.75 703.15 241.674
8 675.98 853.6 290.257
9 4082.46 3459.73 517.498
10 4589.83 1556.44 374.069
11 2658.93 1622.67 389.328
12 581.84 661.95 208.525
13 3520.62 1230.66 188.299
14 4992.68 3282.57 408.32
15 1431.17 192.72 103.344
16 4994.96 2696.46 446.046
17 4662.77 1869.26 298.842
18 3480.18 3816.34 268.55
19 218.51 2527.09 216.712
0 4560.53 3050.63 9.51539 1.69689
1 691.55 4780.11 10.2118 1.18493
2 4944.61 4268.17 14.5028 1.59113
3 3024.99 533.62 8.29266 0.258907
4 2282.33 4873.65 7.13744 3.20857
5 4103.52 1357.46 12.9739 1.29128
6 4401.07 4445.02 11.6506 0.856269
7 3515.88 1016.27 12.261 0.888537
8 4910.43 4938.35 6.70349 1.42494
9 4537.19 4756.46 11.9107 2.77283
10 359.2 2343.52 12.8692 0.610604
11 4785.3 457.93 12.7547 0.457002
12 2402.42 3311.41 5.24145 2.80846
13 1967.07 4525.13 8.71591 0.394489
14 756.25 4406.87 14.6692 0.134361
15 1742.15 1416.52 14.3099 0.557784
16 229.96 4145.18 14.3655 0.690139
17 2238.07 3227.48 7.15763 1.1665
18 2607.04 469.37 11.8428 0.150206
19 2245.86 3224.89 6.50739 3.35291
20 1663.26 3821.22 8.28085 2.54769
21 2630.54 4744.41 6.98687 0.795828
22 2101.2 3465.22 10.7561 3.11916
23 2983.95 4355.3 10.3472 1.09311
24 680.41 2220.53 10.4253 0.798475
25 3053.07 698.72 14.3277 1.28511
26 327.16 2258.06 12.455 0.264579
27 976.59 2906.74 13.6296 1.49907
28 503.86 2117.37 14.6808 0.671294
29 2857.6 6.41 14.2722 2.16207
30 4619.13 2600.48 6.92596 1.22624
31 705.89 218.51 9.17694 0.469473
32 2759.94 1699.73 12.612 0.487991
33 3281.66 1552.63 11.3842 0.839683
34 528.89 1214.33 9.27984 0.970644
35 1869.26 2609.03 12.3099 1.65177
36 2263.86 212.87 10.3229 0.910602
37 514.69 4991.76 13.0309 0.100401
38 4425.34 2998.44 12.6539 0.605135
39 2758.26 1237.98 13.3098 1.04939
40 2430.19 1729.79 7.08965 0.717542
41 4389.63 4673.6 10.6136 0.993608
42 1714.99 1360.36 13.7613 0.0172837
43 4262.98 95.68 12.2039 2.22245
44 1307.87 2044.89 9.5498 1.08396
45 2697.99 1694.69 8.61705 0.479
46 691.7 1674.25 9.35095 0.344456
47 4500.56 2116 10.923 0.748824
48 3240.46 3693.96 13.2358 0.851769
49 1133.15 4073.15 7.35714 1.36925
50 2007.66 2861.42 10.9315 1.82274
51 4069.19 3413.95 9.71867 0.564539
52 1151.01 4098.94 7.46373 1.74175
53 3856.01 49.75 11.1386 0.202955
54 3771.94 2098.76 9.34558 0.505874
55 1927.09 650.35 9.46824 1.51669
56 4452.96 1836.76 5.43485 0.116136
57 4685.51 4514.45 8.5051 1.11837
58 2273.02 2649.77 8.03685 0.493084
59 1896.42 1518.75 13.2974 0.647004
60 2583.85 1034.42 6.44006 0.820021
61 3916.44 3555.71 5.95528 0.0863193
62 3326.06 4822.53 8.79214 1.39415
63 4792.17 3359.94 11.5823 1.81107
64 4167.61 3888.97 9.25151 0.133916
65 759.76 2137.67 9.70776 0.209974
66 4246.5 50.51 12.7356 1.28723
67 1175.73 4898.83 11.0557 0.321914
68 1797.54 1310.16 9.62796 0.757127
69 1410.11 4900.51 5.40972 3.71929
70 1445.97 3101.29 8.7175 2.3127
71 4734.79 1108.89 5.20684 0.396612
72 2447.74 1692.71 5.71958 0.298672
73 2735.98 85.3 7.17467 0.838084
74 3657.49 2406.69 9.36062 0.605124
