30 50
0 4102.45 4377.57 107.775
1 453.96 959.5 26.1478
2 2415.08 4100.47 38.3781
3 3483.69 1729.94 32.1745
4 1160.01 2792.14 41.3028
5 3341.62 2219 51.0886
6 920.44 580.77 90.7287
7 1510.21 4876.55 35.8811
8 1155.58 1160.77 34.717
9 3188.88 2759.18 84.9592
10 4230.78 330.06 44.8604
11 4803.92 2625.05 47.1379
12 4259.62 85.45 52.3533
13 4850 3036.29 31.9894
14 918.76 2805.41 124.835
15 4465.77 3254.49 69.3938
16 889.31 2551.5 114.512
17 1654.26 1207.16 40.695
18 2080.14 3021.33 88.7125
19 550.1 1308.63 123.965
20 3292.18 4181.65 82.1159
21 4644 414.9 41.5705
22 4477.37 2115.85 70.7821
23 365.46 2694.78 111.128
24 250.71 4114.66 115.369
25 4937.44 1698.66 99.6233
26 1809.44 3542.28 72.3418
27 4900.05 405.13 97.5645
28 4916.99 1509.45 57.8222
29 4217.81 2528.61 83.5622
0 3682.52 1081.73 5.17156 0.394678
1 4623.1 3761.25 8.2622 0.683108
2 3620.56 41.66 11.0811 0.597473
3 1821.5 3729.82 11.7021 0.409016
4 2625.97 480.36 9.34398 0.0358597
5 571.15 4988.25 7.95336 1.09077
6 3214.36 4971.31 6.04838 0.280087
7 293.59 347.61 7.11318 1.385
8 1220.44 699.64 11.592 0.915646
9 2862.18 1398.36 9.27458 0.543352
10 2747.28 4242.23 10.0664 0.066266
11 1391.49 2763.15 13.6942 0.164276
12 4522.69 1120.18 9.56255 0.401021
13 4701.22 4333.93 9.49055 0.0887118
14 321.67 2160.1 5.26082 0.533507
15 1358.84 4764.85 7.05519 0.434839
16 3607.9 1191.9 7.92513 0.802374
17 4710.99 2007.81 5.35909 0.497837
18 4053.16 1116.82 13.1437 0.176233
19 2804.5 4170.35 13.0296 0.152039
20 3089.54 2875.15 11.2126 0.393298
21 4608.75 1476.18 11.6754 0.0329436
22 1151.62 4345.38 9.04478 0.188076
23 1441.08 2611.47 8.30087 0.505803
24 1763.82 3706.93 8.72757 0.130684
25 5.8 1236.15 10.8574 0.897727
26 129.55 4297.16 8.31301 0.538969
27 948.36 943.94 7.77556 0.529764
28 1379.44 492.26 5.36269 0.461122
29 4334.7 4448.99 9.20132 0.10472
30 1133 1647.24 10.3777 0.745098
31 960.72 283.36 13.2347 0.423604
32 3531.75 3621.33 9.64322 0.34505
33 898.01 2786.65 13.3177 0.542016
34 4398.94 4923.55 11.4423 0.613891
35 3181.55 3664.82 14.7684 0.495808
36 4682.3 2009.49 11.6669 0.00756219
37 3046.51 905.64 11.4301 0.381273
38 1836.91 758.69 8.82127 0.392283
39 620.75 3327.59 11.3966 0.665939
40 4303.57 3665.27 8.13908 0.135954
41 2477.95 1543.93 11.0416 0.9412
42 1737.42 4771.87 12.9221 0.415998
43 4958.49 3626.21 10.4141 0.114209
44 1148.26 1880.55 8.61988 0.94312
45 663.93 1243.78 6.17259 0.202934
46 1602.22 3069.7 9.57456 0.726308
47 2032.84 4565.26 14.5062 0.106068
48 2644.73 2047.64 13.1653 0.271765
49 3400.68 1699.42 14.8996 0.26685
