30 25
0 2739.95 967.59 89.8247
1 3240 2234.57 31.7175
2 284.43 1128.57 31.9152
3 829.34 883.82 61.4549
4 3179.57 1628.16 83.8745
5 4637.9 4953.46 53.6072
6 237.74 396.28 57.2292
7 271.77 1932.74 123.032
8 3563.95 4900.66 126.513
9 1484.12 4599.44 109.866
10 218.36 280.92 110.237
11 1392.25 487.53 114.984
12 4436.78 815.3 87.973
13 3707.54 1327.25 30.0525
14 4937.59 1121.71 95.0984
15 4754.63 110.32 90.9114
16 4349.5 1002.23 105.844
17 4562.82 939.66 14.2033
18 288.4 336.31 50.4908
19 2812.74 4317.91 25.2604
20 116.28 2929.32 47.8789
21 2915.43 3031.25 46.1954
22 3913.08 721.3 40.6352
23 9 1287.27 39.164
24 2692.5 2265.69 128.763
25 1152.07 2258.22 14.8597
26 1393.63 1878.41 35.0566
27 3496.05 1689.96 128.696
28 3678.55 3370.46 116.216
29 3716.09 2732.78 123.723
0 3682.97 2721.79 10.0018 0.628211
1 2348.86 2432.94 6.3377 0.190573
2 194.25 640.74 9.69661 0.741639
3 2296.52 3283.18 14.6875 0.169236
4 145.27 4542.37 13.2711 1.15149
5 548.57 4994.96 5.52797 0.758646
6 1592.46 2495.96 6.20161 1.13366
7 3679.92 2993.41 8.98225 1.10026
8 312.51 3511.15 7.63153 0.399288
9 3141.58 4987.95 13.3187 0.991272
10 4489.12 1604.36 6.32824 1.59569
11 3682.67 3833.58 9.63259 1.08003
12 1750.85 2807.55 7.21927 0.116748
13 2952.51 1847.9 10.1095 0.214157
14 1846.52 270.55 10.4647 1.26218
15 1816.77 2990.05 6.15114 1.39284
16 733.51 116.28 13.2235 0.981372
17 2416.3 1805.78 6.98428 1.15022
18 4366.74 3204.6 6.93059 1.41385
19 3503.22 547.65 8.83534 0.56064
20 2963.04 458.85 12.1664 0.173345
21 81.64 3375.5 7.31071 0.991434
22 4027.22 1916.1 11.7885 0.977175
23 1888.18 4040.8 13.7161 0.981614
24 4918.67 2150.79 9.13861 1.6462
