50 50
0 2329.17 3384.5 121.818
1 654.47 1342.36 145.003
2 2866.3 1787.47 69.4643
3 4278.39 2340.62 49.8071
4 4154.48 396.59 105.278
5 64.55 3042.24 67.6282
6 4168.07 104.53 87.3198
7 3383.59 687.89 114.686
8 3628.04 3917.2 71.1851
9 2213.05 2860.5 120.431
10 2738.27 4868.31 90.095
11 4016.54 4975.28 63.1067
12 4337.75 4687.49 59.9582
13 364.7 4537.95 123.759
14 1750.24 3376.26 146.667
15 3834.35 3578.3 24.2489
16 2112.8 2347.94 111.127
17 4210.94 3160.8 93.17
18 3464 1288.8 48.8299
19 3532.21 1384.78 133.457
20 1372.26 1395.92 148.968
21 1998.2 3774.53 137.688
22 3387.86 148.32 53.7057
23 4284.04 2470.17 46.6356
24 2096.93 267.34 81.0677
25 3282.27 3122.04 41.8809
26 62.26 3023.47 35.1586
27 809.5 898.01 60.643
28 2427.9 3543.66 28.9008
29 2306.89 4506.97 46.3204
30 471.66 3278.76 39.2663
31 65.31 4646.6 32.8525
32 1888.18 2283.85 114.883
33 2008.27 781.73 137.737
34 1077.91 1469.77 108.172
35 561.39 2658.47 39.9473
36 231.18 2481.92 29.0675
37 3642.99 460.98 61.7859
38 4481.34 361.64 31.4923
39 2302.47 17.24 86.8047
40 1913.05 1648.15 126.303
41 2042.6 1960.2 96.3013
42 1705.53 3074.59 67.5582
43 2354.05 1248.51 22.6242
44 1190.37 3517.26 72.9808
45 1492.66 958.13 45.5529
46 108.19 4352.7 93.8432
47 1034.73 1744.29 90.3081
48 2842.8 878.93 69.3856
49 2236.24 885.95 119.883
0 2492.75 1039.92 5.65771 0.44036
1 4607.68 4652.55 14.1656 1.21936
2 4644.15 4679.56 10.8492 0.465726
3 877.86 1861.78 11.0013 0.618912
4 2192.14 2798.24 5.03679 0.277698
5 4360.18 2519.61 9.71169 0.584462
6 3048.04 3315.38 11.0159 0.541692
7 3837.55 151.83 13.9052 0.313089
8 4506.82 3225.35 8.05822 0.0907764
9 4188.67 37.23 10.6988 0.956005
10 3489.64 995.36 14.9306 1.23599
11 4818.87 2038.79 10.3191 1.06764
12 3670.92 3309.73 10.113 1.07194
13 52.95 2548.6 8.68057 0.0334828
14 271.46 3814.81 13.4622 0.816464
15 3524.58 4449.14 14.1065 0.515459
16 799.13 4023.71 10.9351 0.800809
17 1087.37 1498.31 8.69147 0.0530146
18 2516.86 4033.94 7.02758 0.0978366
19 4287.24 1045.56 9.93062 1.39722
20 4922.18 3217.26 6.3791 1.09617
21 3917.36 1483.5 7.03869 1.38884
22 3015.99 3535.26 13.0715 0.728901
23 697.35 3341.47 12.6169 0.819217
24 4645.83 638.45 11.5789 0.856893
25 2599.87 429.7 6.05479 1.18399
26 2699.67 405.44 7.96563 1.6608
27 858.49 4937.44 10.1717 0.76808
28 437.33 1077 11.0876 1.0865
29 4191.26 2891.48 11.097 0.707524
30 736.41 3642.69 10.5933 0.757369
31 3264.87 3885.31 11.232 0.56542
32 2535.17 634.63 6.20414 0.45003
33 4937.44 1477.86 9.77036 2.05488
34 255.44 987.88 6.20553 0.577713
35 3305.76 3176.82 7.59622 0.288284
36 4483.93 1118.81 8.53475 1.94344
37 2091.13 1403.85 14.6148 0.331151
38 4694.66 4882.96 10.9474 0.0144809
39 394.76 4356.67 13.0591 0.821826
40 2294.38 2563.4 10.683 0.528575
41 1352.89 3165.84 12.6536 0.71023
42 4771.72 1551.56 9.68185 1.59144
43 723.59 4260.38 14.2492 0.85705
44 4229.41 3871.58 8.2722 0.541304
45 4937.44 3341.93 13.8952 1.50955
46 1083.86 3207.19 10.8754 0.932965
47 640.43 4878.08 5.63425 0.288027
48 1212.81 1586.96 11.1725 0.726345
49 264.9 3518.48 11.655 0.602076
