20 100
0 4291.36 2940.92 302.169
1 2463.3 4062.32 285.104
2 1527.76 1560.41 274.172
3 4025.39 1888.94 369.501
4 1183.51 1164.59 308.447
5 562.76 3032.78 164.085
6 63.33 3851.44 271.146
7 745.57 4094.21 339.135
8 3036.29 3502 303.94
9 4962.92 304.42 200.393
10 2711.57 4878.99 301.269
11 3656.27 3651.69 196.271
12 686.97 3006.07 194.007
13 4803.77 3554.19 320.817
14 1150.24 488.6 239.636
15 2584.15 3991.21 268.747
16 115.67 2929.01 333.634
17 1755.73 3493.15 355.166
18 1076.54 93.54 200.901
19 4778.44 1900.08 118.534
0 4560.53 3050.63 7.86312 0.402839
1 691.55 4780.11 11.1061 1.09739
2 4944.61 4268.17 5.49721 0.859444
3 3024.99 533.62 8.79716 3.00245
4 2282.33 4873.65 9.00367 1.3408
5 4103.52 1357.46 12.7148 0.616126
6 4401.07 4445.02 5.53484 2.06205
7 3515.88 1016.27 8.62147 2.27586
8 4910.43 4938.35 12.7544 0.547175
9 4537.19 4756.46 13.3605 1.77254
10 359.2 2343.52 12.9045 1.08396
11 4785.3 457.93 7.94655 0.194799
12 2402.42 3311.41 5.84129 0.264998
13 1967.07 4525.13 7.36202 1.80779
14 756.25 4406.87 6.09925 0.831947
15 1742.15 1416.52 6.4426 1.38006
16 229.96 4145.18 12.7544 0.994341
17 2238.07 3227.48 6.10286 1.60611
18 2607.04 469.37 5.51272 1.3408
19 2245.86 3224.89 5.50973 1.81168
20 1663.26 3821.22 12.4772 0.412191
21 2630.54 4744.41 13.5748 0.922588
22 2101.2 3465.22 5.81708 1.53122
23 2983.95 4355.3 12.8385 1.14661
24 680.41 2220.53 8.03228 1.2074
25 3053.07 698.72 12.6823 2.8982
26 327.16 2258.06 5.46934 1.7419
27 976.59 2906.74 7.38035 0.812395
28 503.86 2117.37 7.50804 2.35421
29 2857.6 6.41 12.7521 1.5722
30 4619.13 2600.48 6.82299 0.279183
31 705.89 218.51 14.7545 0.914702
32 2759.94 1699.73 5.75009 0.529908
33 3281.66 1552.63 11.4648 1.00226
34 528.89 1214.33 10.84 1.60171
35 1869.26 2609.03 5.21936 2.59683
36 2263.86 212.87 12.4303 1.27614
37 514.69 4991.76 6.8213 2.89198
38 4425.34 2998.44 12.9438 0.105684
39 2758.26 1237.98 14.9698 1.33106
40 2430.19 1729.79 5.91528 2.4046
41 4389.63 4673.6 13.5802 1.87012
42 1714.99 1360.36 10.965 0.764803
43 4262.98 95.68 6.81274 1.8322
44 1307.87 2044.89 14.813 1.29179
45 2697.99 1694.69 5.44412 2.74645
46 691.7 1674.25 7.6606 0.817299
47 4500.56 2116 6.37147 0.424488
48 3240.46 3693.96 9.76875 0.569035
49 1133.15 4073.15 11.6221 1.30901
50 2007.66 2861.42 5.60363 1.30947
51 4069.19 3413.95 11.8554 0.284841
52 1151.01 4098.94 5.2064 1.43883
53 3856.01 49.75 5.73575 2.98447
54 3771.94 2098.76 9.06407 0.428463
55 1927.09 650.35 9.62567 0.537472
56 4452.96 1836.76 12.5316 0.885689
57 4685.51 4514.45 6.47245 0.724328
58 2273.02 2649.77 12.7865 0.926839
59 1896.42 1518.75 12.5006 1.16942
60 2583.85 1034.42 11.7845 1.83185
61 3916.44 3555.71 6.12011 0.69618
62 3326.06 4822.53 6.23815 1.34435
63 4792.17 3359.94 10.8865 0.24903
64 4167.61 3888.97 10.0235 0.332807
65 759.76 2137.67 9.3714 2.59401
66 4246.5 50.51 8.02584 1.39522
67 1175.73 4898.83 7.10895 0.470524
68 1797.54 1310.16 12.6308 1.70546
69 1410.11 4900.51 5.42953 3.12565
70 1445.97 3101.29 9.42586 0.817704
71 4734.79 1108.89 5.72792 1.78823
72 2447.74 1692.71 14.023 2.77314
73 2735.98 85.3 8.49147 3.47435
74 3657.49 2406.69 9.07094 0.509671
75 1285.44 1200.45 13.0403 1.22928
76 3508.1 2808.31 14.3039 0.349758
77 1596.88 1586.66 12.0587 1.06703
78 780.21 3521.07 6.15001 0.973318
79 3403.42 4732.81 11.2271 0.915905
80 4444.26 1826.69 8.62364 0.261376
81 4784.84 4126.71 11.2578 0.6335
82 3354.75 703.15 13.7439 2.5812
83 675.98 853.6 6.03376 0.805052
84 4082.46 3459.73 8.64946 0.141364
85 4589.83 1556.44 12.33 0.839125
86 2658.93 1622.67 10.2896 2.15154
87 581.84 661.95 14.9736 2.14401
88 3520.62 1230.66 8.46093 1.60333
89 4992.68 3282.57 14.1897 0.903562
90 1431.17 192.72 12.6278 2.03774
91 4994.96 2696.46 10.1556 0.56483
92 4662.77 1869.26 13.1418 0.192939
93 3480.18 3816.34 12.1786 0.610048
94 218.51 2527.09 5.57831 0.349599
95 2313.15 1548.36 10.9601 1.41407
96 4378.95 2830.9 11.4436 0.0736214
97 3487.35 451.06 13.7127 1.41834
98 4348.74 1021.15 8.04737 2.02489
99 212.26 4600.21 9.12573 1.6803
