40 25
0 318.92 967.28 30.2708
1 2217.02 4320.66 37.1052
2 1640.52 2722.1 32.6519
3 1054.11 1725.82 21.4456
4 4012.73 2827.23 47.788
5 1114.23 4294.56 23.3211
6 1428.88 105.59 44.4846
7 1019.78 3388.32 42.9677
8 615.71 4438.76 48.9065
9 3443.71 1538.44 23.8151
10 4832.45 992.77 38.2951
11 553.76 1734.98 26.3227
12 4124.73 81.94 36.9747
13 2554.7 2429.88 18.4995
14 3441.57 3443.86 33.7007
15 1979.13 284.59 45.1028
16 2518.08 215.31 48.112
17 3889.74 192.42 21.5124
18 3933.07 3385.72 39.9571
19 4643.54 4607.68 45.9097
20 3245.64 9.16 42.1846
21 4378.49 1712.55 44.1798
22 2620.32 959.81 27.9856
23 876.03 4454.33 49.7157
24 1841.33 3506.88 43.3974
25 4957.88 4980.77 29.3587
26 3129.52 2495.04 25.4609
27 69.89 1509.29 49.5094
28 3661.15 3409.22 11.7727
29 1215.86 2157.96 22.76
30 2200.08 3104.8 23.6213
31 888.55 2770.47 30.7356
32 3746.91 1485.49 26.3931
33 2162.08 3267.31 25.7973
34 3611.1 4910.12 32.7935
35 1597.95 4552.6 32.6862
36 4814.45 4607.84 32.4685
37 2121.04 509.81 24.5188
38 230.72 886.56 49.6878
39 3523.97 2116.31 41.1392
0 4560.08 1410.41 8.60029 0.957144
1 2965.64 1108.13 6.01388 0.215475
2 3370.62 3668.94 14.532 0.650999
3 2550.13 980.41 12.8543 0.139115
4 4763.02 811.79 7.0543 0.284082
5 4126.1 1350.75 8.17829 0.0446645
6 1022.83 1920.22 13.3577 0.0534457
7 129.55 3370.77 7.30327 1.1058
8 818.2 2126.83 5.50016 0.306299
9 4257.79 1166.72 5.41568 0.65913
10 3617.51 4981.38 11.1831 0.517676
11 2494.13 4387.8 14.1325 0.910024
12 174.11 1623.89 10.0403 0.162592
13 3715.63 2011.02 8.2358 0.199192
14 4231.7 1296.27 6.19395 0.948476
15 1284.22 3191.32 6.8931 0.676121
16 3104.34 220.65 11.5119 0.330736
17 4532.76 3429.67 11.6429 0.482208
18 2293.31 3381.91 12.3299 0.135599
19 1547.14 1847.44 8.44212 0.180797
20 1789.76 1237.53 9.1188 0.659301
21 2157.66 2845.09 6.7669 0.287517
22 4225.9 894.34 5.90054 0.78304
23 2536.85 2925.81 5.50961 0.398031
24 2525.71 3776.67 5.98114 0.991494
