20 75
0 1945.4 4732.96 164.093
1 854.06 1000.4 275.096
2 1649.83 4080.48 165.573
3 3220.31 301.83 166.123
4 1663.87 3925.6 61.0147
5 3095.49 227.97 73.8799
6 4880.83 336.92 161.235
7 527.36 3371.99 94.516
8 2811.37 3414.26 185.439
9 3824.43 1491.44 97.5873
10 2634.97 1757.71 145.368
11 4266.79 1997.28 110.068
12 862.61 2106.39 104.027
13 322.28 934.02 60.4326
14 2517.47 2421.19 123.851
15 1518.6 1987.21 247.986
16 2238.23 4198.28 240.652
17 4630.12 3547.17 174.729
18 1213.87 2290.41 113.489
19 2335.58 3360.24 94.6049
0 4560.08 1410.41 14.9749 0.448991
1 2965.64 1108.13 13.197 0.127597
2 3370.62 3668.94 13.0851 0.781098
3 2550.13 980.41 7.3822 0.472762
4 4763.02 811.79 8.81081 0.382591
5 4126.1 1350.75 5.92156 0.32127
6 1022.83 1920.22 6.94612 0.179945
7 129.55 3370.77 13.3687 0.0956979
8 818.2 2126.83 8.16587 0.115357
9 4257.79 1166.72 5.57085 0.787709
10 3617.51 4981.38 8.46501 0.0949959
11 2494.13 4387.8 13.2291 0.0614705
12 174.11 1623.89 9.81851 0.994977
13 3715.63 2011.02 9.72684 0.635386
14 4231.7 1296.27 12.2601 0.297805
15 1284.22 3191.32 14.2996 0.590883
16 3104.34 220.65 7.50257 0.228393
17 4532.76 3429.67 13.6369 0.255662
18 2293.31 3381.91 5.66912 0.00758728
19 1547.14 1847.44 5.06416 0.469267
20 1789.76 1237.53 12.5859 0.468423
21 2157.66 2845.09 11.5048 0.565796
22 4225.9 894.34 14.1482 0.628058
23 2536.85 2925.81 13.2542 0.540328
24 2525.71 3776.67 5.523 0.305388
25 318.92 967.28 10.9606 0.176667
26 2217.02 4320.66 11.657 0.200223
27 1640.52 2722.1 8.95106 0.561448
28 1054.11 1725.82 13.3929 0.221677
29 4012.73 2827.23 10.5532 0.887802
30 1114.23 4294.56 8.67413 0.55435
31 1428.88 105.59 5.50428 0.483765
32 1019.78 3388.32 11.5614 0.520609
33 615.71 4438.76 5.12175 0.13551
34 3443.71 1538.44 5.39509 0.49655
35 4832.45 992.77 8.42205 0.470229
36 553.76 1734.98 5.14133 0.0306733
37 4124.73 81.94 13.0086 0.864357
38 2554.7 2429.88 6.74282 0.236688
39 3441.57 3443.86 8.42027 0.865437
40 1979.13 284.59 12.7707 1.33525
41 2518.08 215.31 10.8498 0.0542702
42 3889.74 192.42 12.4452 0.857924
43 3933.07 3385.72 7.66116 0.141353
44 4643.54 4607.68 5.00625 1.45909
45 3245.64 9.16 12.4819 0.109423
46 4378.49 1712.55 7.61025 0.601721
47 2620.32 959.81 5.34757 0.230488
48 876.03 4454.33 5.85633 0.626418
49 1841.33 3506.88 11.8955 0.541325
50 4957.88 4980.77 10.9168 1.64525
51 3129.52 2495.04 12.4414 0.109514
52 69.89 1509.29 12.6456 0.460743
53 3661.15 3409.22 14.9081 0.0451847
54 1215.86 2157.96 12.3841 0.111067
55 2200.08 3104.8 14.7141 0.253224
56 888.55 2770.47 7.06641 0.0656069
57 3746.91 1485.49 11.6603 0.660858
58 2162.08 3267.31 5.75216 0.292614
59 3611.1 4910.12 6.71322 1.24012
60 1597.95 4552.6 9.09493 0.114897
61 4814.45 4607.84 9.15079 1.34901
62 2121.04 509.81 8.20989 0.47813
63 230.72 886.56 11.2109 0.334876
64 3523.97 2116.31 8.80717 0.910503
65 3366.8 1411.63 13.7501 0.742704
66 752.89 3207.04 12.1179 0.49791
67 4193.7 4338.66 10.5192 0.446972
68 2634.36 4922.33 7.71289 0.127987
69 3932.46 4581.13 5.00111 1.60286
70 1196.94 3365.89 7.93203 0.346384
71 200.81 3994.87 8.30165 0.692025
72 4245.43 2509.69 6.18641 0.31855
73 1428.57 3758.51 5.10823 0.172068
74 1342.05 1871.24 5.77327 0.450757
