30 75
0 4937.44 1698.66 149.584
1 1809.44 3542.28 139.848
2 4900.05 405.13 73.9982
3 4916.99 1509.45 287.933
4 4217.81 2528.61 178.291
5 4107.18 4885.1 38.987
6 3372.14 865.66 142.644
7 767.08 2674.49 114.427
8 3346.05 966.52 87.0878
9 251.17 301.52 362.732
10 907.47 907.77 45.5507
11 685.45 3820.46 300.696
12 4099.09 450.76 271.448
13 3618.12 3589.13 313.698
14 4338.05 366.53 362.266
15 4170.66 4440.29 288.405
16 4033.63 206.61 115.562
17 848.87 1874.6 192.179
18 1129.03 303.51 124.641
19 2667.32 1312.6 210.071
20 4473.56 1280.86 276.131
21 3744.01 4933.16 162.711
22 1429.64 1853.85 44.8746
23 3023.77 3131.05 63.5981
24 1624.2 3202.76 113.215
25 4282.82 127.11 240.965
26 3248.08 699.18 235.364
27 4073.92 757.16 150.068
28 809.96 1268.35 247.446
29 2767.57 2975.25 147.206
0 3682.52 1081.73 9.52877 0.634871
1 4623.1 3761.25 11.2535 1.21822
2 3620.56 41.66 8.91033 0.346334
3 1821.5 3729.82 12.5929 0.639434
4 2625.97 480.36 8.18756 0.813004
5 571.15 4988.25 5.80546 1.94347
6 3214.36 4971.31 9.98371 0.615308
7 293.59 347.61 12.0233 0.287451
8 1220.44 699.64 10.2092 0.61751
9 2862.18 1398.36 14.3617 0.54067
10 2747.28 4242.23 6.76706 1.30392
11 1391.49 2763.15 14.0985 0.418773
12 4522.69 1120.18 5.7671 0.164956
13 4701.22 4333.93 14.1804 0.341726
14 321.67 2160.1 6.16428 0.779913
15 1358.84 4764.85 7.85016 1.68478
16 3607.9 1191.9 5.32654 0.396769
17 4710.99 2007.81 9.26395 0.153017
18 4053.16 1116.82 8.87892 0.287688
19 2804.5 4170.35 5.32919 1.05866
20 3089.54 2875.15 7.8407 0.155573
21 4608.75 1476.18 8.23914 0.168565
22 1151.62 4345.38 7.47068 0.461513
23 1441.08 2611.47 7.79438 0.281671
24 1763.82 3706.93 14.2774 0.56553
25 5.8 1236.15 14.5679 1.28752
26 129.55 4297.16 7.71139 0.818903
27 948.36 943.94 11.236 0.305611
28 1379.44 492.26 8.89887 0.34895
29 4334.7 4448.99 7.32077 0.168698
30 1133 1647.24 5.54106 0.512931
31 960.72 283.36 10.9709 0.407079
32 3531.75 3621.33 10.2457 0.303659
33 898.01 2786.65 5.22737 0.67195
34 4398.94 4923.55 7.75353 0.556154
35 3181.55 3664.82 9.84309 0.501705
36 4682.3 2009.49 6.18442 0.219036
37 3046.51 905.64 13.6918 0.442262
38 1836.91 758.69 13.6444 0.893673
39 620.75 3327.59 7.8262 0.924144
40 4303.57 3665.27 13.7157 0.639629
41 2477.95 1543.93 7.94027 0.18646
42 1737.42 4771.87 9.16525 1.16076
43 4958.49 3626.21 6.21194 0.419005
44 1148.26 1880.55 9.71234 0.372519
45 663.93 1243.78 9.29191 0.233104
46 1602.22 3069.7 14.7535 0.636228
47 2032.84 4565.26 8.28262 1.5086
48 2644.73 2047.64 6.9197 0.295972
49 3400.68 1699.42 12.1615 0.545384
50 4102.45 4377.57 14.783 0.264758
51 453.96 959.5 9.24453 0.990842
52 2415.08 4100.47 13.5102 0.761765
53 3483.69 1729.94 11.1553 0.99676
54 1160.01 2792.14 5.77998 0.757772
55 3341.62 2219 8.81524 0.999215
56 920.44 580.77 10.2223 0.992805
57 1510.21 4876.55 13.9461 0.398171
58 1155.58 1160.77 13.0787 0.730863
59 3188.88 2759.18 14.6573 0.385074
60 4230.78 330.06 13.3002 0.288585
61 4803.92 2625.05 5.02837 0.638912
62 4259.62 85.45 9.40452 0.0708691
63 4850 3036.29 6.18139 0.972002
64 918.76 2805.41 10.8298 0.202196
65 4465.77 3254.49 11.4913 0.676152
66 889.31 2551.5 14.6198 0.748109
67 1654.26 1207.16 8.69596 0.294414
68 2080.14 3021.33 10.5811 0.721447
69 550.1 1308.63 11.1353 0.281267
70 3292.18 4181.65 7.09937 0.782708
71 4644 414.9 9.12776 0.349028
72 4477.37 2115.85 12.8362 0.290414
73 365.46 2694.78 5.6364 0.232135
74 250.71 4114.66 12.0245 1.09295
