40 75
0 1945.4 4732.96 113.609
1 854.06 1000.4 108.873
2 1649.83 4080.48 128.574
3 3220.31 301.83 83.4566
4 1663.87 3925.6 175.232
5 3095.49 227.97 219.422
6 4880.83 336.92 135.515
7 527.36 3371.99 28.7532
8 2811.37 3414.26 249.721
9 3824.43 1491.44 125.917
10 2634.97 1757.71 70.0323
11 4266.79 1997.28 96.7282
12 862.61 2106.39 114.033
13 322.28 934.02 99.2896
14 2517.47 2421.19 164.534
15 1518.6 1987.21 110.912
16 2238.23 4198.28 122.548
17 4630.12 3547.17 193.41
18 1213.87 2290.41 160.862
19 2335.58 3360.24 160.465
20 1354.41 3021.94 196.601
21 2004 2799.62 71.5172
22 603.35 3873.1 220.22
23 4761.35 286.11 219.666
24 800.04 519.27 188.226
25 2498.55 891.14 248.747
26 1996.52 4506.21 61.4079
27 2975.25 1652.12 230.111
28 4636.22 2338.18 90.997
29 673.39 4631.95 223.519
30 3499.1 4267.1 129.614
31 3562.43 2253.94 197.479
32 4822.69 3556.32 140.921
33 3425.09 1944.94 195.574
34 500.2 4507.89 48.3223
35 4907.68 4613.03 250.712
36 768.61 27.77 36.5822
37 943.94 3997.31 226.58
38 4285.87 2015.9 121.064
39 4715.26 1416.82 40.1948
0 4560.08 1410.41 13.2048 0.385129
1 2965.64 1108.13 11.485 0.815539
2 3370.62 3668.94 9.96625 0.392375
3 2550.13 980.41 14.6123 1.04219
4 4763.02 811.79 13.4142 0.889373
5 4126.1 1350.75 10.3785 1.88274
6 1022.83 1920.22 8.65922 0.691411
7 129.55 3370.77 11.2986 0.499581
8 818.2 2126.83 12.2277 0.357032
9 4257.79 1166.72 5.56978 0.236522
10 3617.51 4981.38 7.28726 0.328349
11 2494.13 4387.8 8.44008 0.434863
12 174.11 1623.89 7.34368 0.537327
13 3715.63 2011.02 6.6188 0.878015
14 4231.7 1296.27 10.8548 1.99914
15 1284.22 3191.32 8.91018 0.804433
16 3104.34 220.65 5.68627 0.312224
17 4532.76 3429.67 14.1792 0.882673
18 2293.31 3381.91 7.66159 0.0909729
19 1547.14 1847.44 12.5395 0.00342984
20 1789.76 1237.53 7.66372 1.14919
21 2157.66 2845.09 10.4132 0.424443
22 4225.9 894.34 6.67806 1.64927
23 2536.85 2925.81 13.4432 0.417229
24 2525.71 3776.67 7.97654 0.160188
25 318.92 967.28 10.191 0.600823
26 2217.02 4320.66 11.4438 0.0283652
27 1640.52 2722.1 6.37211 0.810183
28 1054.11 1725.82 8.82669 1.3285
29 4012.73 2827.23 7.87647 0.141027
30 1114.23 4294.56 5.25484 0.788379
31 1428.88 105.59 8.5381 1.83811
32 1019.78 3388.32 7.66835 0.447152
33 615.71 4438.76 9.02069 0.517613
34 3443.71 1538.44 7.64556 1.76015
35 4832.45 992.77 11.8177 1.45198
36 553.76 1734.98 13.3906 1.49783
37 4124.73 81.94 11.1827 2.79226
38 2554.7 2429.88 11.7325 0.703801
39 3441.57 3443.86 8.31457 1.76808
40 1979.13 284.59 5.17943 2.29787
41 2518.08 215.31 10.1871 0.743549
42 3889.74 192.42 9.16323 2.54457
43 3933.07 3385.72 6.73624 0.936377
44 4643.54 4607.68 10.0875 0.511102
45 3245.64 9.16 7.71725 1.97505
46 4378.49 1712.55 5.73163 1.3937
47 2620.32 959.81 8.48522 1.09753
48 876.03 4454.33 11.4595 0.668206
49 1841.33 3506.88 5.08739 0.356837
50 4957.88 4980.77 6.04251 1.15797
51 3129.52 2495.04 9.36276 1.46188
52 69.89 1509.29 8.42266 2.3373
53 3661.15 3409.22 7.00533 0.950189
54 1215.86 2157.96 14.5841 1.03831
55 2200.08 3104.8 13.7218 0.736507
56 888.55 2770.47 9.57452 1.01802
57 3746.91 1485.49 6.3959 0.617348
58 2162.08 3267.31 10.8524 0.45466
59 3611.1 4910.12 14.7265 0.619684
60 1597.95 4552.6 6.85225 0.43377
61 4814.45 4607.84 14.8604 0.649418
62 2121.04 509.81 7.48118 1.18285
63 230.72 886.56 7.60014 1.19361
64 3523.97 2116.31 5.16438 0.915727
65 3366.8 1411.63 7.68072 1.39191
66 752.89 3207.04 12.1944 0.1326
67 4193.7 4338.66 12.3772 1.74452
68 2634.36 4922.33 10.273 0.139579
69 3932.46 4581.13 7.73174 1.11872
70 1196.94 3365.89 7.49957 0.439963
71 200.81 3994.87 5.22734 1.32667
72 4245.43 2509.69 6.73394 1.16085
73 1428.57 3758.51 6.30823 0.690682
74 1342.05 1871.24 12.7855 0.60616
