50 50
0 279.24 503.71 59.0022
1 4714.96 423.29 20.64
2 1785.33 4197.97 17.0848
3 4083.53 700.09 69.2488
4 1598.41 455.79 23.0015
5 337.69 496.69 29.654
6 603.66 1038.39 48.0135
7 2444.99 2659.23 31.869
8 3517.26 4534.75 53.8102
9 3927.73 1251.72 60.1357
10 1752.37 3386.33 21.9672
11 4914.55 1027.41 45.0095
12 3132.72 374.77 64.3389
13 803.25 2064.73 68.9251
14 1106.6 1603.6 19.7993
15 1441.24 2852.26 29.0958
16 3619.5 504.32 49.4727
17 2228.77 2600.63 33.7658
18 4300.97 4900.97 35.5458
19 1054.26 1065.4 41.9709
20 1123.08 1660.51 40.3309
21 2464.37 1660.36 49.7361
22 185.25 965.3 25.6655
23 2976.62 1143.22 48.9258
24 4781.64 4732.05 22.4241
25 3942.23 1654.56 21.8887
26 2408.37 1215.55 70.7233
27 862.45 3391.83 42.4088
28 4868.01 324.41 37.7469
29 567.34 3699.76 34.4069
30 4123.2 1680.2 74.7324
31 161.44 856.96 25.5644
32 4060.95 4952.7 22.2616
33 4143.65 3342.39 16.7927
34 819.88 4501.79 22.8051
35 3606.68 2859.74 51.154
36 1839.05 2856.53 62.0556
37 3923.76 1905.42 48.8792
38 1283 65 17.5541
39 4827.42 4156.16 38.1244
40 2000.49 3442.64 29.9344
41 4286.02 3461.87 56.3894
42 1672.87 4752.65 64.4338
43 87.74 4722.74 72.186
44 3307.44 4350.41 18.2324
45 534.07 2431.71 21.1474
46 2733.39 4321.42 27.6627
47 3150.88 166.17 60.7906
48 3255.41 143.74 40.1313
49 2824.03 1805.17 65.0491
0 2492.14 4399.85 6.56437 0.653232
1 1881.77 980.71 7.05457 0.661281
2 3070.16 4080.48 14.9653 1.12364
3 403 2308.42 13.0652 0.167164
4 4672.69 3736.38 6.81638 0.524799
5 4382.76 2512.89 11.1694 0.964675
6 4669.94 790.58 12.7368 0.946578
7 451.22 2506.33 14.0847 0.149769
8 414.59 413.68 10.8149 0.110711
9 3909.42 1447.65 6.47555 0.550757
10 1747.64 3633.23 6.13428 0.348421
11 2527.7 968.35 7.8371 0.123784
12 1442.61 1622.21 14.9955 0.467265
13 1801.51 34.49 11.0348 0.346164
14 3746.76 704.21 13.8676 0.0332856
15 3066.65 1223.79 9.32981 0.0714863
16 3673.51 99.19 11.1824 0.642804
17 3382.06 1700.34 10.1275 0.011516
18 2203.13 1946.32 12.4527 0.728208
19 3588.52 4668.26 6.30273 0.126153
20 48.52 633.56 5.70266 0.0207952
21 3444.32 4584.34 6.53755 0.734492
22 140.54 964.38 5.6967 0.0692267
23 250.4 1911.98 10.2343 0.0283656
24 1490.98 2194.59 6.36033 0.283105
25 4865.72 698.26 12.1943 0.102417
26 4589.37 2467.88 11.9876 0.0500821
27 1522.42 4752.8 12.9389 0.328424
28 987.43 685.45 8.55101 0.4084
29 346.23 712.15 11.2186 0.214188
30 2231.51 336.47 8.31983 0.189913
31 3987.85 3772.39 10.4266 0.206887
32 795.01 2323.22 7.90718 0.381506
33 2271.49 4363.99 5.8102 0.4608
34 3170.26 1311.99 13.2993 0.092813
35 1268.81 1560.56 11.8424 0.281617
36 2773.83 2640.92 12.5425 0.675669
37 700.86 1494.19 10.262 0.108218
38 2824.03 4314.4 13.4995 0.71158
39 1078.07 1562.4 14.5647 0.254064
40 1843.32 1118.05 6.69072 0.0736734
41 4481.49 3707.54 8.74749 1.09887
42 1946.32 383.47 14.741 0.479575
43 393.54 2550.13 6.19826 0.319216
44 2564.93 1434.22 14.7298 0.444636
45 484.94 1656.39 5.27974 0.0025188
46 4770.65 3245.49 9.75876 0.91116
47 3760.34 3721.88 13.1229 0.750991
48 3848.69 2347.33 9.64572 0.199011
49 973.08 2952.21 14.0058 0.362252
