40 50
0 4957.88 4980.77 37.9621
1 3129.52 2495.04 31.696
2 69.89 1509.29 19.3035
3 3661.15 3409.22 84.2675
4 1215.86 2157.96 91.3053
5 2200.08 3104.8 60.7803
6 888.55 2770.47 92.1591
7 3746.91 1485.49 85.5637
8 2162.08 3267.31 71.9209
9 3611.1 4910.12 78.7417
10 1597.95 4552.6 60.4639
11 4814.45 4607.84 54.4246
12 2121.04 509.81 94.5583
13 230.72 886.56 20.6553
14 3523.97 2116.31 22.4985
15 3366.8 1411.63 91.9849
16 752.89 3207.04 23.4937
17 4193.7 4338.66 68.3488
18 2634.36 4922.33 64.9491
19 3932.46 4581.13 50.9136
20 1196.94 3365.89 64.5523
21 200.81 3994.87 46.9918
22 4245.43 2509.69 25.7669
23 1428.57 3758.51 73.2411
24 1342.05 1871.24 50.2833
25 1945.4 4732.96 24.123
26 854.06 1000.4 72.0236
27 1649.83 4080.48 47.6698
28 3220.31 301.83 39.4944
29 1663.87 3925.6 53.0935
30 3095.49 227.97 46.1228
31 4880.83 336.92 22.8599
32 527.36 3371.99 34.2079
33 2811.37 3414.26 44.4167
34 3824.43 1491.44 38.9222
35 2634.97 1757.71 51.0713
36 4266.79 1997.28 81.1925
37 862.61 2106.39 19.09
38 322.28 934.02 89.0004
39 2517.47 2421.19 80.0137
0 4560.08 1410.41 6.49596 1.44807
1 2965.64 1108.13 14.6661 1.72764
2 3370.62 3668.94 13.8492 0.70739
3 2550.13 980.41 5.32541 2.2943
4 4763.02 811.79 9.27294 2.0903
5 4126.1 1350.75 7.07615 0.651662
6 1022.83 1920.22 6.25858 1.9519
7 129.55 3370.77 6.87731 1.29889
8 818.2 2126.83 7.40675 1.06192
9 4257.79 1166.72 6.39032 2.25986
10 3617.51 4981.38 11.1923 0.202948
11 2494.13 4387.8 8.02878 1.30085
12 174.11 1623.89 11.9765 1.1057
13 3715.63 2011.02 5.54726 1.23882
14 4231.7 1296.27 13.9761 1.56197
15 1284.22 3191.32 11.2093 1.43948
16 3104.34 220.65 7.46726 1.42175
17 4532.76 3429.67 12.3344 1.69689
18 2293.31 3381.91 9.09723 0.70324
19 1547.14 1847.44 10.7391 1.54304
20 1789.76 1237.53 12.263 0.984675
21 2157.66 2845.09 13.5785 0.950143
22 4225.9 894.34 9.5053 0.286629
23 2536.85 2925.81 5.66726 0.600331
24 2525.71 3776.67 9.14092 0.739065
25 318.92 967.28 5.09125 0.602993
26 2217.02 4320.66 14.609 1.15139
27 1640.52 2722.1 5.48263 0.776399
28 1054.11 1725.82 13.0148 0.490192
29 4012.73 2827.23 8.85538 0.912705
30 1114.23 4294.56 9.90441 0.517061
31 1428.88 105.59 12.0521 0.772634
32 1019.78 3388.32 7.52121 1.35784
33 615.71 4438.76 13.8929 2.10729
34 3443.71 1538.44 13.6097 1.3718
35 4832.45 992.77 7.7033 1.86033
36 553.76 1734.98 11.6451 2.32322
37 4124.73 81.94 13.1011 1.54853
38 2554.7 2429.88 14.8817 1.15431
39 3441.57 3443.86 5.16916 0.983296
40 1979.13 284.59 6.11748 1.4768
41 2518.08 215.31 14.2449 1.38139
42 3889.74 192.42 5.83509 3.01753
43 3933.07 3385.72 10.9959 1.0773
44 4643.54 4607.68 6.75762 0.163463
45 3245.64 9.16 6.98226 1.19499
46 4378.49 1712.55 7.5055 1.58832
47 2620.32 959.81 14.5051 1.63735
48 876.03 4454.33 12.8731 1.29302
49 1841.33 3506.88 11.106 1.09863
