20 25
0 318.92 967.28 57.9962
1 2217.02 4320.66 70.2517
2 1640.52 2722.1 75.3017
3 1054.11 1725.82 94.145
4 4012.73 2827.23 73.2149
5 1114.23 4294.56 60.2851
6 1428.88 105.59 34.4636
7 1019.78 3388.32 60.8122
8 615.71 4438.76 50.2048
9 3443.71 1538.44 32.4625
10 4832.45 992.77 59.5722
11 553.76 1734.98 23.0236
12 4124.73 81.94 74.8458
13 2554.7 2429.88 23.5212
14 3441.57 3443.86 55.6108
15 1979.13 284.59 55.1918
16 2518.08 215.31 28.9283
17 3889.74 192.42 75.0622
18 3933.07 3385.72 68.3391
19 4643.54 4607.68 49.3472
0 4560.08 1410.41 7.65075 1.05311
1 2965.64 1108.13 11.9688 0.0280042
2 3370.62 3668.94 11.122 0.470975
3 2550.13 980.41 6.62357 0.878767
4 4763.02 811.79 11.2376 0.0881396
5 4126.1 1350.75 14.3136 0.660549
6 1022.83 1920.22 14.5787 0.100688
7 129.55 3370.77 10.8795 0.82213
8 818.2 2126.83 9.96309 0.527094
9 4257.79 1166.72 11.1773 0.133237
10 3617.51 4981.38 13.472 0.112479
11 2494.13 4387.8 7.03898 0.678776
12 174.11 1623.89 6.31423 0.162602
13 3715.63 2011.02 10.081 0.913081
14 4231.7 1296.27 10.0432 0.594038
15 1284.22 3191.32 7.05682 0.65372
16 3104.34 220.65 13.7468 0.459745
17 4532.76 3429.67 13.913 0.115762
18 2293.31 3381.91 7.19062 1.10207
19 1547.14 1847.44 14.7755 0.244917
20 1789.76 1237.53 5.65247 0.749482
21 2157.66 2845.09 7.95949 0.19837
22 4225.9 894.34 10.623 0.467962
23 2536.85 2925.81 13.1769 0.450549
24 2525.71 3776.67 9.36065 0.33687
