40 100
0 2498.55 891.14 45.8735
1 1996.52 4506.21 119.535
2 2975.25 1652.12 182.66
3 4636.22 2338.18 162.451
4 673.39 4631.95 159.519
5 3499.1 4267.1 153.207
6 3562.43 2253.94 71.846
7 4822.69 3556.32 100.435
8 3425.09 1944.94 165.553
9 500.2 4507.89 147.805
10 4907.68 4613.03 181.369
11 768.61 27.77 46.4961
12 943.94 3997.31 55.3754
13 4285.87 2015.9 113.121
14 4715.26 1416.82 88.011
15 2008.73 357.07 52.8585
16 796.99 2951.75 180.285
17 3776.36 3799.1 183.989
18 653.55 3586.38 164.51
19 4002.96 3495.28 126.727
20 133.82 347.3 169.734
21 390.33 2495.19 94.0827
22 4124.73 3966.8 62.0447
23 2063.05 1963.56 178.365
24 1019.62 1102.33 73.9101
25 1033.51 2408.52 166.98
26 2158.12 1644.34 150.854
27 3403.88 701.16 125.69
28 3891.42 3143.41 188.634
29 4210.49 1168.4 52.6732
30 2431.56 1887.11 163.685
31 2317.58 1537.06 149.92
32 4140.75 2659.54 139.769
33 4264.5 2015.44 49.6601
34 1414.53 1712.39 170.07
35 3475.91 3288.52 174.409
36 1819.97 4981.38 49.3302
37 3739.43 1711.63 114.411
38 638.45 1077 144.245
39 3355.51 2482.99 151.157
0 4560.08 1410.41 8.25347 0.572433
1 2965.64 1108.13 13.1596 0.833357
2 3370.62 3668.94 8.76498 0.576414
3 2550.13 980.41 11.1198 0.0750559
4 4763.02 811.79 13.4912 1.08967
5 4126.1 1350.75 6.72578 0.588695
6 1022.83 1920.22 6.14015 1.09113
7 129.55 3370.77 6.82269 0.490741
8 818.2 2126.83 11.9269 0.793007
9 4257.79 1166.72 8.81187 0.13483
10 3617.51 4981.38 11.4417 1.44546
11 2494.13 4387.8 12.0829 0.301737
12 174.11 1623.89 13.9647 1.65905
13 3715.63 2011.02 10.3574 1.03333
14 4231.7 1296.27 8.34399 0.646
15 1284.22 3191.32 9.20586 0.629633
16 3104.34 220.65 13.9006 0.997431
17 4532.76 3429.67 13.0869 0.54375
18 2293.31 3381.91 5.48938 3.06589
19 1547.14 1847.44 7.13621 0.0931521
20 1789.76 1237.53 11.85 0.621873
21 2157.66 2845.09 5.15526 1.60613
22 4225.9 894.34 10.5168 0.238507
23 2536.85 2925.81 11.477 1.09114
24 2525.71 3776.67 12.6633 2.50273
25 318.92 967.28 11.4438 0.820034
26 2217.02 4320.66 13.7813 0.99144
27 1640.52 2722.1 9.57713 0.485311
28 1054.11 1725.82 6.92267 0.663225
29 4012.73 2827.23 12.9896 0.368481
30 1114.23 4294.56 11.5043 0.978291
31 1428.88 105.59 10.0731 0.84069
32 1019.78 3388.32 12.3325 1.75061
33 615.71 4438.76 5.98154 1.59605
34 3443.71 1538.44 10.0574 1.11375
35 4832.45 992.77 7.54302 1.12398
36 553.76 1734.98 9.10696 0.97726
37 4124.73 81.94 13.0434 0.367081
38 2554.7 2429.88 11.7874 1.19849
39 3441.57 3443.86 14.7437 1.00516
40 1979.13 284.59 12.8991 0.144046
41 2518.08 215.31 9.11022 1.06715
42 3889.74 192.42 13.2525 1.42913
43 3933.07 3385.72 7.03489 0.265629
44 4643.54 4607.68 10.3717 0.873796
45 3245.64 9.16 5.63465 0.513752
46 4378.49 1712.55 7.27078 0.336393
47 2620.32 959.81 11.4671 0.0342269
48 876.03 4454.33 5.09998 0.231618
49 1841.33 3506.88 9.04084 3.0831
50 4957.88 4980.77 12.2204 1.42474
51 3129.52 2495.04 7.83714 0.540463
52 69.89 1509.29 12.4161 1.05912
53 3661.15 3409.22 14.5649 0.985297
54 1215.86 2157.96 12.7621 0.30148
55 2200.08 3104.8 9.60515 2.58899
56 888.55 2770.47 9.47217 0.423546
57 3746.91 1485.49 9.71622 0.213674
58 2162.08 3267.31 11.4955 0.767066
59 3611.1 4910.12 9.54977 0.899071
60 1597.95 4552.6 5.06951 0.275021
61 4814.45 4607.84 11.7613 0.627729
62 2121.04 509.81 7.39641 0.37705
63 230.72 886.56 13.9576 0.682415
64 3523.97 2116.31 12.8262 0.480189
65 3366.8 1411.63 7.1956 0.727857
66 752.89 3207.04 10.2015 0.410157
67 4193.7 4338.66 13.7197 1.86121
68 2634.36 4922.33 11.6651 1.71141
69 3932.46 4581.13 13.8424 1.18731
70 1196.94 3365.89 14.4025 0.697626
71 200.81 3994.87 12.6094 1.03607
72 4245.43 2509.69 6.37088 0.526845
73 1428.57 3758.51 6.6476 0.390393
74 1342.05 1871.24 9.08976 0.544586
75 1945.4 4732.96 9.90765 0.557819
76 854.06 1000.4 13.9671 0.795062
77 1649.83 4080.48 9.71932 1.03913
78 3220.31 301.83 10.8643 0.36381
79 1663.87 3925.6 8.1687 1.21194
80 3095.49 227.97 8.57462 0.628848
81 4880.83 336.92 7.38179 0.644981
82 527.36 3371.99 6.04915 0.64277
83 2811.37 3414.26 7.5564 1.65744
84 3824.43 1491.44 5.15095 0.56608
85 2634.97 1757.71 13.5833 0.453792
86 4266.79 1997.28 14.9948 0.583069
87 862.61 2106.39 5.71396 1.14622
88 322.28 934.02 10.7595 0.740733
89 2517.47 2421.19 10.1709 0.186798
90 1518.6 1987.21 14.6861 0.206097
91 2238.23 4198.28 11.2538 1.01491
92 4630.12 3547.17 14.7984 0.479305
93 1213.87 2290.41 8.17308 0.812193
94 2335.58 3360.24 13.2302 2.92917
95 1354.41 3021.94 6.08747 1.51833
96 2004 2799.62 5.1963 1.23388
97 603.35 3873.1 14.6776 0.650381
98 4761.35 286.11 8.48132 0.931077
99 800.04 519.27 12.4312 1.40169
