50 75
0 3942.23 1654.56 122.894
1 2408.37 1215.55 136.604
2 862.45 3391.83 96.3089
3 4868.01 324.41 220.163
4 567.34 3699.76 76.0598
5 4123.2 1680.2 38.8331
6 161.44 856.96 73.3783
7 4060.95 4952.7 110.661
8 4143.65 3342.39 166.23
9 819.88 4501.79 185.783
10 3606.68 2859.74 205.281
11 1839.05 2856.53 117.261
12 3923.76 1905.42 119.79
13 1283 65 147.726
14 4827.42 4156.16 66.8313
15 2000.49 3442.64 105.801
16 4286.02 3461.87 47.7911
17 1672.87 4752.65 149.009
18 87.74 4722.74 163.013
19 3307.44 4350.41 110.022
20 534.07 2431.71 145.64
21 2733.39 4321.42 101.142
22 3150.88 166.17 63.6181
23 3255.41 143.74 176.46
24 2824.03 1805.17 225.489
25 122.68 2908.87 220.999
26 3265.18 2759.33 33.6649
27 4967.96 1628.01 63.675
28 3213.6 1989.81 50.8091
29 2872.4 2660.3 224.534
30 1279.64 3100.53 68.1754
31 2216.41 789.67 210.053
32 839.26 283.36 70.3647
33 4967.19 3983.73 104.353
34 3881.04 2399.06 56.3072
35 2564.01 1364.94 196.736
36 216.38 972.01 195.701
37 53.56 1427.81 122.11
38 957.21 385.3 131.548
39 3635.82 29.3 79.1717
40 2665.49 1051.82 164.215
41 4271.52 187.08 229.801
42 1085.85 3846.4 162.65
43 2512.89 3215.43 214.382
44 862 1577.81 223.853
45 2210.61 3229.77 47.5194
46 147.4 784.94 103.345
47 3252.36 4553.06 139.677
48 1513.26 4635.15 106.572
49 993.38 4051.94 46.1854
0 2492.14 4399.85 11.247 0.309269
1 1881.77 980.71 6.83808 0.343268
2 3070.16 4080.48 8.421 0.714959
3 403 2308.42 7.26058 0.167237
4 4672.69 3736.38 10.3654 0.354252
5 4382.76 2512.89 10.6736 0.442563
6 4669.94 790.58 14.3523 0.669434
7 451.22 2506.33 12.3792 0.410124
8 414.59 413.68 12.0879 0.949009
9 3909.42 1447.65 14.2695 0.163433
10 1747.64 3633.23 11.06 0.453835
11 2527.7 968.35 7.84948 0.0935497
12 1442.61 1622.21 7.49064 0.510873
13 1801.51 34.49 9.21338 0.470887
14 3746.76 704.21 6.75998 0.248048
15 3066.65 1223.79 12.8943 0.522881
16 3673.51 99.19 11.4631 0.320183
17 3382.06 1700.34 7.1307 0.455598
18 2203.13 1946.32 13.7116 0.502062
19 3588.52 4668.26 12.1763 0.421074
20 48.52 633.56 8.09046 0.598475
21 3444.32 4584.34 14.3494 0.677433
22 140.54 964.38 14.6443 0.380149
23 250.4 1911.98 13.7539 1.02215
24 1490.98 2194.59 8.43928 0.930027
25 4865.72 698.26 8.63161 0.287297
26 4589.37 2467.88 5.95388 0.56643
27 1522.42 4752.8 14.5422 0.43665
28 987.43 685.45 8.73851 0.675226
29 346.23 712.15 5.51598 0.450148
30 2231.51 336.47 10.3981 0.532023
31 3987.85 3772.39 6.87384 0.237988
32 795.01 2323.22 11.1227 0.695764
33 2271.49 4363.99 12.4968 0.396561
34 3170.26 1311.99 9.83352 0.381186
35 1268.81 1560.56 5.04132 0.615649
36 2773.83 2640.92 5.17075 0.218943
37 700.86 1494.19 13.0324 0.627314
38 2824.03 4314.4 7.9775 0.264581
39 1078.07 1562.4 10.2717 0.379926
40 1843.32 1118.05 10.2401 0.221292
41 4481.49 3707.54 14.3901 0.589665
42 1946.32 383.47 7.94396 0.192556
43 393.54 2550.13 9.19477 0.708648
44 2564.93 1434.22 5.14102 0.170936
45 484.94 1656.39 12.1441 0.446716
46 4770.65 3245.49 13.4064 0.465332
47 3760.34 3721.88 8.51198 0.271112
48 3848.69 2347.33 11.7549 0.105575
49 973.08 2952.21 13.417 0.250068
50 279.24 503.71 8.57779 0.645537
51 4714.96 423.29 6.45102 0.408421
52 1785.33 4197.97 11.582 0.622009
53 4083.53 700.09 10.9499 0.424928
54 1598.41 455.79 14.4361 0.427384
55 337.69 496.69 9.01595 0.552945
56 603.66 1038.39 13.3918 0.728147
57 2444.99 2659.23 8.4681 0.667061
58 3517.26 4534.75 8.39401 0.678285
59 3927.73 1251.72 13.5435 0.133167
60 1752.37 3386.33 13.0758 0.422174
61 4914.55 1027.41 11.8917 0.486542
62 3132.72 374.77 14.1231 0.11784
63 803.25 2064.73 11.5469 0.6771
64 1106.6 1603.6 14.7627 0.317715
65 1441.24 2852.26 12.1008 0.636644
66 3619.5 504.32 8.89678 0.295022
67 2228.77 2600.63 6.35371 0.621225
68 4300.97 4900.97 5.50642 0.481336
69 1054.26 1065.4 12.6702 0.842936
70 1123.08 1660.51 10.5175 0.468267
71 2464.37 1660.36 7.45064 0.518437
72 185.25 965.3 6.80853 0.177513
73 2976.62 1143.22 11.2551 0.320664
74 4781.64 4732.05 8.79713 0.419878
