40 50
0 4957.88 4980.77 77.164
1 3129.52 2495.04 28.9296
2 69.89 1509.29 173.565
3 3661.15 3409.22 86.8188
4 1215.86 2157.96 85.9482
5 2200.08 3104.8 136.391
6 888.55 2770.47 138.631
7 3746.91 1485.49 44.8518
8 2162.08 3267.31 114.809
9 3611.1 4910.12 30.7264
10 1597.95 4552.6 154.044
11 4814.45 4607.84 67.8622
12 2121.04 509.81 175.452
13 230.72 886.56 28.4503
14 3523.97 2116.31 65.3173
15 3366.8 1411.63 54.3221
16 752.89 3207.04 50.9324
17 4193.7 4338.66 143.429
18 2634.36 4922.33 36.7191
19 3932.46 4581.13 173.411
20 1196.94 3365.89 141.812
21 200.81 3994.87 47.2384
22 4245.43 2509.69 183.636
23 1428.57 3758.51 59.7688
24 1342.05 1871.24 68.5499
25 1945.4 4732.96 96.4039
26 854.06 1000.4 70.7048
27 1649.83 4080.48 63.221
28 3220.31 301.83 160.866
29 1663.87 3925.6 105.806
30 3095.49 227.97 90.241
31 4880.83 336.92 47.3894
32 527.36 3371.99 69.5586
33 2811.37 3414.26 126.897
34 3824.43 1491.44 89.6101
35 2634.97 1757.71 175.207
36 4266.79 1997.28 72.0447
37 862.61 2106.39 110.422
38 322.28 934.02 166.918
39 2517.47 2421.19 138.679
0 4560.08 1410.41 14.5993 0.368958
1 2965.64 1108.13 7.78769 0.776181
2 3370.62 3668.94 13.1466 0.565967
3 2550.13 980.41 14.6395 1.29889
4 4763.02 811.79 7.28099 1.17963
5 4126.1 1350.75 12.7486 0.291195
6 1022.83 1920.22 11.2444 0.476388
7 129.55 3370.77 7.10864 0.790489
8 818.2 2126.83 14.8554 0.448572
9 4257.79 1166.72 7.75735 1.02683
10 3617.51 4981.38 12.9883 0.126855
11 2494.13 4387.8 10.0666 0.62037
12 174.11 1623.89 7.71449 0.49423
13 3715.63 2011.02 8.61809 0.225785
14 4231.7 1296.27 12.5369 0.809949
15 1284.22 3191.32 10.6113 0.554859
16 3104.34 220.65 6.93877 0.636546
17 4532.76 3429.67 13.2282 0.802069
18 2293.31 3381.91 7.08653 0.483417
19 1547.14 1847.44 7.75292 0.490277
20 1789.76 1237.53 5.06896 0.962837
21 2157.66 2845.09 11.8008 0.219022
22 4225.9 894.34 6.87548 1.2563
23 2536.85 2925.81 11.8052 0.759643
24 2525.71 3776.67 7.14335 0.509852
25 318.92 967.28 13.891 0.319885
26 2217.02 4320.66 5.34268 0.600856
27 1640.52 2722.1 7.04914 0.639174
28 1054.11 1725.82 10.2329 0.790341
29 4012.73 2827.23 7.94823 0.601438
30 1114.23 4294.56 10.8082 0.992838
31 1428.88 105.59 9.89937 1.62179
32 1019.78 3388.32 7.4065 0.71748
33 615.71 4438.76 14.6253 1.05928
34 3443.71 1538.44 11.0601 0.310405
35 4832.45 992.77 11.4591 0.994188
36 553.76 1734.98 12.6934 0.683127
37 4124.73 81.94 8.69697 1.33435
38 2554.7 2429.88 10.5614 0.492753
39 3441.57 3443.86 11.691 0.522664
40 1979.13 284.59 7.34027 0.475021
41 2518.08 215.31 5.96987 0.890148
42 3889.74 192.42 8.30876 0.665822
43 3933.07 3385.72 7.66426 0.602739
44 4643.54 4607.68 10.1416 0.0744594
45 3245.64 9.16 10.7242 0.49934
46 4378.49 1712.55 10.6713 0.330495
47 2620.32 959.81 9.44015 0.351063
48 876.03 4454.33 11.0539 0.38943
49 1841.33 3506.88 10.0499 0.600788
