30 75
0 4277.47 3166.3 39.4911
1 4463.64 349.89 127.894
2 4847.1 2911.47 127.098
3 2476.88 4728.69 170.993
4 957.37 3335.83 112.964
5 455.64 1483.5 152.775
6 3276.16 4655.29 130.577
7 3594.47 5.49 98.5576
8 1210.67 3406.02 156.086
9 509.2 2269.81 137.708
10 2862.33 706.35 186.206
11 4077.73 3445.69 45.675
12 3818.32 4006.47 106.393
13 1816.31 3885.77 95.9893
14 1813.1 1227.76 43.2015
15 4083.22 2645.8 52.0609
16 1790.22 3704.95 180.871
17 881.53 196.69 113.168
18 3395.34 1829.43 90.6587
19 550.25 479.45 91.1063
20 432.14 4807.43 140.062
21 1118.96 4964.29 88.9271
22 4313.64 3432.11 90.6847
23 2611.16 3866.24 85.9245
24 1036.56 2283.55 119.933
25 1075.47 2176.89 154.73
26 3714.87 255.29 63.7022
27 2626.58 665.61 138.424
28 199.29 818.96 136.951
29 3277.69 4508.19 41.669
0 3682.97 2721.79 8.87102 0.407531
1 2348.86 2432.94 5.79863 0.491081
2 194.25 640.74 7.74129 0.885091
3 2296.52 3283.18 10.908 0.434387
4 145.27 4542.37 12.6696 1.4726
5 548.57 4994.96 10.9493 1.4741
6 1592.46 2495.96 12.8219 1.9478
7 3679.92 2993.41 14.2249 0.169872
8 312.51 3511.15 7.83862 0.709854
9 3141.58 4987.95 14.9735 0.87653
10 4489.12 1604.36 14.2709 1.43137
11 3682.67 3833.58 10.4482 0.203765
12 1750.85 2807.55 7.48149 1.33983
13 2952.51 1847.9 7.87193 1.21418
14 1846.52 270.55 6.5767 0.280235
15 1816.77 2990.05 10.4179 1.41991
16 733.51 116.28 5.75873 1.21896
17 2416.3 1805.78 7.55576 2.07522
18 4366.74 3204.6 9.14751 0.159378
19 3503.22 547.65 10.2455 0.17137
20 2963.04 458.85 12.7044 0.617673
21 81.64 3375.5 6.52331 2.66606
22 4027.22 1916.1 12.8094 0.612714
23 1888.18 4040.8 5.60875 0.387554
24 4918.67 2150.79 11.7632 0.998584
25 2739.95 967.59 9.32236 1.42906
26 3240 2234.57 5.82803 0.58133
27 284.43 1128.57 10.2058 1.67793
28 829.34 883.82 7.17559 1.99517
29 3179.57 1628.16 9.3323 0.693232
30 4637.9 4953.46 12.9219 2.07423
31 237.74 396.28 6.4503 0.800696
32 271.77 1932.74 10.4263 1.27857
33 3563.95 4900.66 7.32697 0.295658
34 1484.12 4599.44 7.28715 1.72973
35 218.36 280.92 6.02615 0.944997
36 1392.25 487.53 13.203 1.97556
37 4436.78 815.3 7.93382 1.49628
38 3707.54 1327.25 11.0287 1.28541
39 4937.59 1121.71 10.8366 1.17204
40 4754.63 110.32 6.99702 1.66693
41 4349.5 1002.23 14.5797 0.352032
42 4562.82 939.66 12.7973 0.935261
43 288.4 336.31 10.6203 0.53584
44 2812.74 4317.91 7.92594 0.548993
45 116.28 2929.32 8.62654 1.00798
46 2915.43 3031.25 10.6106 1.52365
47 3913.08 721.3 11.6641 1.63259
48 9 1287.27 9.36794 1.72246
49 2692.5 2265.69 13.3479 1.91219
50 1152.07 2258.22 14.4645 0.33109
51 1393.63 1878.41 11.251 1.89763
52 3496.05 1689.96 13.6414 0.789776
53 3678.55 3370.46 5.26318 0.608735
54 3716.09 2732.78 6.67111 0.1224
55 3068.48 4764.55 9.79325 0.691835
56 4484.69 4647.05 5.84878 1.48318
57 2448.81 2905.21 12.7955 2.16017
58 1266.52 543.23 5.96287 0.386998
59 1474.2 4368.11 10.4156 1.68455
60 216.68 1812.04 6.35849 1.90678
61 3905.91 1572.77 9.38814 0.939072
62 464.49 4398.17 9.47173 1.69996
63 4411.45 509.35 10.4668 0.543454
64 1562.4 4578.08 6.61353 1.41298
65 1858.88 3980.53 6.44736 0.380479
66 4382.92 4395.28 11.2363 1.67414
67 3636.43 1767.33 11.5215 0.968198
68 1243.32 4409.31 8.13092 1.99307
69 3028.05 1628.01 6.70964 0.157798
70 3541.22 3917.05 9.46169 0.637511
71 4177.83 2529.07 10.6451 0.391556
72 2679.68 1298.87 10.1589 2.12578
73 1672.87 4021.73 10.9069 0.299394
74 2566.15 4650.11 14.0659 0.674202
