50 25
0 4865.72 698.26 18.8803
1 4589.37 2467.88 19.8454
2 1522.42 4752.8 29.2736
3 987.43 685.45 32.7523
4 346.23 712.15 21.3878
5 2231.51 336.47 12.6182
6 3987.85 3772.39 25.7281
7 795.01 2323.22 37.1219
8 2271.49 4363.99 10.7818
9 3170.26 1311.99 30.9651
10 1268.81 1560.56 10.8324
11 2773.83 2640.92 28.0314
12 700.86 1494.19 28.2318
13 2824.03 4314.4 9.18464
14 1078.07 1562.4 34.2226
15 1843.32 1118.05 39.5641
16 4481.49 3707.54 32.9318
17 1946.32 383.47 30.5535
18 393.54 2550.13 35.031
19 2564.93 1434.22 39.9705
20 484.94 1656.39 21.2637
21 4770.65 3245.49 37.6088
22 3760.34 3721.88 31.8437
23 3848.69 2347.33 39.8851
24 973.08 2952.21 32.2881
25 279.24 503.71 21.0956
26 4714.96 423.29 10.6314
27 1785.33 4197.97 37.5232
28 4083.53 700.09 25.6139
29 1598.41 455.79 23.3106
30 337.69 496.69 8.73267
31 603.66 1038.39 39.3803
32 2444.99 2659.23 10.5968
33 3517.26 4534.75 12.6198
34 3927.73 1251.72 30.6071
35 1752.37 3386.33 25.7067
36 4914.55 1027.41 9.06489
37 3132.72 374.77 25.3475
38 803.25 2064.73 30.1883
39 1106.6 1603.6 14.6148
40 1441.24 2852.26 14.9817
41 3619.5 504.32 17.4522
42 2228.77 2600.63 14.1042
43 4300.97 4900.97 35.7364
44 1054.26 1065.4 10.9586
45 1123.08 1660.51 24.6026
46 2464.37 1660.36 16.5372
47 185.25 965.3 22.4382
48 2976.62 1143.22 9.88071
49 4781.64 4732.05 12.1202
0 2492.14 4399.85 9.14055 0.168298
1 1881.77 980.71 8.04377 0.0602086
2 3070.16 4080.48 13.4316 0.0288983
3 403 2308.42 6.10888 0.053694
4 4672.69 3736.38 14.6179 0.612969
5 4382.76 2512.89 9.65502 0.0614292
6 4669.94 790.58 7.5064 0.0595542
7 451.22 2506.33 7.81653 0.136365
8 414.59 413.68 12.388 0.776519
9 3909.42 1447.65 9.49307 0.366347
10 1747.64 3633.23 8.80652 0.590992
11 2527.7 968.35 6.59167 0.363929
12 1442.61 1622.21 9.7474 0.725181
13 1801.51 34.49 14.0686 0.399555
14 3746.76 704.21 8.7048 0.281387
15 3066.65 1223.79 8.90181 0.149617
16 3673.51 99.19 13.8299 0.212637
17 3382.06 1700.34 9.92013 0.155443
18 2203.13 1946.32 5.34126 0.792681
19 3588.52 4668.26 13.3948 0.58559
20 48.52 633.56 10.1597 0.74787
21 3444.32 4584.34 14.693 0.154122
22 140.54 964.38 11.9916 0.801715
23 250.4 1911.98 10.3428 0.878254
24 1490.98 2194.59 6.56382 0.786917
