30 100
0 1075.47 2176.89 69.6268
1 3714.87 255.29 202.094
2 2626.58 665.61 213.206
3 199.29 818.96 167.314
4 3277.69 4508.19 107.338
5 2816.86 931.12 338.032
6 2845.09 4698.17 357.045
7 4761.04 4989.32 173.102
8 3705.4 4898.37 344.265
9 162.05 2741.94 484.692
10 2688.99 3888.21 431.435
11 2373.27 2561.72 309.888
12 1888.33 1261.48 74.3779
13 2497.02 3984.04 365.309
14 1664.02 1534.62 405.746
15 2690.66 921.05 359.682
16 1629.54 4317.3 220.553
17 1275.52 4455.7 188.75
18 2895.14 704.98 300.304
19 4186.38 1620.23 308.553
20 2352.98 3548.39 166.724
21 4788.05 4070.41 145.479
22 2285.68 1755.12 452.382
23 1593.98 3055.51 211.401
24 1075.78 1282.08 214.271
25 915.4 4595.63 314.464
26 3303.32 2973.27 296.661
27 3974.12 1268.35 208.547
28 5.95 4898.07 415.835
29 508.29 4515.52 464.341
0 3682.97 2721.79 9.90521 0.0644567
1 2348.86 2432.94 6.67387 0.346097
2 194.25 640.74 7.98792 0.446044
3 2296.52 3283.18 9.16664 0.0510515
4 145.27 4542.37 7.41444 0.522139
5 548.57 4994.96 5.11019 0.344544
6 1592.46 2495.96 6.73092 0.905904
7 3679.92 2993.41 11.0411 1.15352
8 312.51 3511.15 11.2387 1.58494
9 3141.58 4987.95 5.74742 0.822871
10 4489.12 1604.36 7.40983 0.40757
11 3682.67 3833.58 11.7657 0.70265
12 1750.85 2807.55 8.90431 0.768371
13 2952.51 1847.9 8.48463 1.55724
14 1846.52 270.55 11.8123 0.754073
15 1816.77 2990.05 6.69629 0.726539
16 733.51 116.28 10.8989 0.278402
17 2416.3 1805.78 10.7772 0.610422
18 4366.74 3204.6 7.04974 2.96279
19 3503.22 547.65 12.426 1.00357
20 2963.04 458.85 9.86239 1.25279
21 81.64 3375.5 7.63471 0.0847089
22 4027.22 1916.1 8.4981 1.20476
23 1888.18 4040.8 12.9361 0.640616
24 4918.67 2150.79 6.42652 1.68847
25 2739.95 967.59 9.65052 0.358997
26 3240 2234.57 7.55872 0.555387
27 284.43 1128.57 9.8231 1.0872
28 829.34 883.82 9.58 0.519004
29 3179.57 1628.16 12.4961 0.420942
30 4637.9 4953.46 8.51603 1.18107
31 237.74 396.28 14.1455 0.910848
32 271.77 1932.74 12.8174 0.864128
33 3563.95 4900.66 6.08031 1.47452
34 1484.12 4599.44 12.1968 0.498337
35 218.36 280.92 5.53144 0.0418839
36 1392.25 487.53 12.1071 1.67246
37 4436.78 815.3 12.2969 2.04917
38 3707.54 1327.25 10.1212 0.815397
39 4937.59 1121.71 11.9702 1.72438
40 4754.63 110.32 7.44307 3.0479
41 4349.5 1002.23 9.79907 0.758066
42 4562.82 939.66 5.2183 0.103238
43 288.4 336.31 11.9017 0.448731
44 2812.74 4317.91 10.9499 0.274023
45 116.28 2929.32 5.67507 0.154619
46 2915.43 3031.25 12.0144 0.791222
47 3913.08 721.3 6.3739 1.89942
48 9 1287.27 6.90892 0.3169
49 2692.5 2265.69 9.31594 1.32131
50 1152.07 2258.22 5.10946 0.169786
51 1393.63 1878.41 11.3257 0.555501
52 3496.05 1689.96 10.2284 0.0442564
53 3678.55 3370.46 12.3603 1.28429
54 3716.09 2732.78 14.4049 0.550481
55 3068.48 4764.55 11.2371 0.468915
56 4484.69 4647.05 8.79874 1.56883
57 2448.81 2905.21 13.8575 1.00224
58 1266.52 543.23 8.7367 1.0675
59 1474.2 4368.11 11.5927 0.495318
60 216.68 1812.04 14.4699 0.404827
61 3905.91 1572.77 12.1132 0.429234
62 464.49 4398.17 10.3565 0.864654
63 4411.45 509.35 13.274 0.120163
64 1562.4 4578.08 11.4765 0.750928
65 1858.88 3980.53 10.9641 0.249514
66 4382.92 4395.28 8.27537 0.766924
67 3636.43 1767.33 12.4873 1.43333
68 1243.32 4409.31 6.54784 0.24625
69 3028.05 1628.01 5.20877 1.3045
70 3541.22 3917.05 6.77749 0.229664
71 4177.83 2529.07 5.08689 1.40013
72 2679.68 1298.87 8.62227 1.08572
73 1672.87 4021.73 13.0354 0.292359
74 2566.15 4650.11 11.1003 1.35862
75 4277.47 3166.3 14.1585 0.472184
76 4463.64 349.89 9.741 0.215583
77 4847.1 2911.47 13.7129 0.384058
78 2476.88 4728.69 6.28022 0.864725
79 957.37 3335.83 7.75576 1.26715
80 455.64 1483.5 7.31664 0.725868
81 3276.16 4655.29 13.5391 0.0409181
82 3594.47 5.49 13.8232 1.63838
83 1210.67 3406.02 10.6631 0.426813
84 509.2 2269.81 5.25237 0.395043
85 2862.33 706.35 8.24454 0.160086
86 4077.73 3445.69 6.3822 2.4058
87 3818.32 4006.47 10.2312 0.360249
88 1816.31 3885.77 9.21228 0.25447
89 1813.1 1227.76 6.14644 0.506746
90 4083.22 2645.8 12.7585 2.37075
91 1790.22 3704.95 11.2259 1.60242
92 881.53 196.69 6.84839 1.18465
93 3395.34 1829.43 11.1405 1.71233
94 550.25 479.45 12.276 0.594639
95 432.14 4807.43 10.5757 0.614915
96 1118.96 4964.29 5.66266 0.810079
97 4313.64 3432.11 6.47442 2.88389
98 2611.16 3866.24 13.0137 0.214303
99 1036.56 2283.55 5.06512 0.222797
