40 100
0 2498.55 891.14 153.561
1 1996.52 4506.21 157.502
2 2975.25 1652.12 57.8261
3 4636.22 2338.18 38.9152
4 673.39 4631.95 98.8328
5 3499.1 4267.1 158.414
6 3562.43 2253.94 53.5785
7 4822.69 3556.32 117.937
8 3425.09 1944.94 47.2407
9 500.2 4507.89 136.608
10 4907.68 4613.03 108.772
11 768.61 27.77 128.294
12 943.94 3997.31 119.07
13 4285.87 2015.9 164.62
14 4715.26 1416.82 133.322
15 2008.73 357.07 162.469
16 796.99 2951.75 67.6727
17 3776.36 3799.1 151.494
18 653.55 3586.38 47.994
19 4002.96 3495.28 168.397
20 133.82 347.3 113.946
21 390.33 2495.19 142.049
22 4124.73 3966.8 51.0248
23 2063.05 1963.56 53.404
24 1019.62 1102.33 120.447
25 1033.51 2408.52 181.902
26 2158.12 1644.34 70.435
27 3403.88 701.16 131.315
28 3891.42 3143.41 122.482
29 4210.49 1168.4 149.609
30 2431.56 1887.11 52.0284
31 2317.58 1537.06 152.187
32 4140.75 2659.54 92.1106
33 4264.5 2015.44 147.307
34 1414.53 1712.39 174.198
35 3475.91 3288.52 137.885
36 1819.97 4981.38 134.534
37 3739.43 1711.63 55.3129
38 638.45 1077 98.6628
39 3355.51 2482.99 106.191
0 4560.08 1410.41 14.6516 0.462305
1 2965.64 1108.13 13.3472 0.297928
2 3370.62 3668.94 11.6013 0.306035
3 2550.13 980.41 10.371 0.037152
4 4763.02 811.79 9.51614 0.626087
5 4126.1 1350.75 7.05356 0.243873
6 1022.83 1920.22 5.89855 0.447628
7 129.55 3370.77 14.2973 0.493232
8 818.2 2126.83 12.8562 0.600041
9 4257.79 1166.72 13.6262 0.136802
10 3617.51 4981.38 11.0529 0.0654706
11 2494.13 4387.8 5.87845 1.09727
12 174.11 1623.89 6.7077 0.363229
13 3715.63 2011.02 11.0406 0.221491
14 4231.7 1296.27 13.9596 0.213216
15 1284.22 3191.32 14.565 0.943041
16 3104.34 220.65 6.93496 0.61974
17 4532.76 3429.67 9.05435 0.203266
18 2293.31 3381.91 13.8989 0.0920457
19 1547.14 1847.44 10.0352 0.195818
20 1789.76 1237.53 11.3471 0.0444333
21 2157.66 2845.09 13.0173 1.03894
22 4225.9 894.34 5.24479 0.490496
23 2536.85 2925.81 13.2179 0.11818
24 2525.71 3776.67 12.3195 1.10012
25 318.92 967.28 12.2521 0.0940259
26 2217.02 4320.66 11.0843 0.337916
27 1640.52 2722.1 9.09683 0.407053
28 1054.11 1725.82 11.333 0.387809
29 4012.73 2827.23 11.5303 0.121099
30 1114.23 4294.56 8.67041 0.638162
31 1428.88 105.59 5.7614 0.217209
32 1019.78 3388.32 5.87574 0.787477
33 615.71 4438.76 7.93718 0.222062
34 3443.71 1538.44 11.8348 0.301375
35 4832.45 992.77 13.3615 0.189287
36 553.76 1734.98 8.14271 0.764402
37 4124.73 81.94 11.1987 1.09417
38 2554.7 2429.88 12.1746 0.556958
39 3441.57 3443.86 8.66159 0.363148
40 1979.13 284.59 7.95722 0.16309
41 2518.08 215.31 14.0424 0.375121
42 3889.74 192.42 12.1622 0.221771
43 3933.07 3385.72 12.9643 0.329288
44 4643.54 4607.68 9.97901 0.619798
45 3245.64 9.16 5.91027 0.251618
46 4378.49 1712.55 5.35935 0.161387
47 2620.32 959.81 13.6016 0.0444541
48 876.03 4454.33 11.0929 0.33397
49 1841.33 3506.88 6.32156 1.56051
50 4957.88 4980.77 11.8139 0.750144
51 3129.52 2495.04 7.74348 0.1988
52 69.89 1509.29 5.79277 0.699869
53 3661.15 3409.22 11.403 0.23336
54 1215.86 2157.96 8.14061 0.635521
55 2200.08 3104.8 9.86431 1.3398
56 888.55 2770.47 10.2874 0.301601
57 3746.91 1485.49 11.2717 0.209567
58 2162.08 3267.31 12.7889 0.433402
59 3611.1 4910.12 10.7696 1.06623
60 1597.95 4552.6 10.0566 0.386822
61 4814.45 4607.84 8.45561 0.470736
62 2121.04 509.81 8.53143 0.0264059
63 230.72 886.56 14.3054 0.174728
64 3523.97 2116.31 11.6802 0.421823
65 3366.8 1411.63 12.7025 0.474426
66 752.89 3207.04 12.8259 0.604188
67 4193.7 4338.66 8.29356 0.310152
68 2634.36 4922.33 6.59547 0.861352
69 3932.46 4581.13 12.1041 0.210811
70 1196.94 3365.89 13.0932 0.518704
71 200.81 3994.87 5.26681 1.0626
72 4245.43 2509.69 11.1184 0.279009
73 1428.57 3758.51 14.9938 0.999106
74 1342.05 1871.24 6.35876 0.258195
75 1945.4 4732.96 12.8781 0.633963
76 854.06 1000.4 11.9692 0.348826
77 1649.83 4080.48 7.05399 0.581628
78 3220.31 301.83 12.1525 0.0373985
79 1663.87 3925.6 9.28915 0.000779641
80 3095.49 227.97 10.3592 0.0849783
81 4880.83 336.92 7.36422 0.647487
82 527.36 3371.99 9.71882 0.17734
83 2811.37 3414.26 14.122 0.266858
84 3824.43 1491.44 12.1002 0.0968535
85 2634.97 1757.71 14.9087 0.166825
86 4266.79 1997.28 6.23299 0.32745
87 862.61 2106.39 12.1921 0.416735
88 322.28 934.02 13.2297 0.15984
89 2517.47 2421.19 9.6456 0.208863
90 1518.6 1987.21 7.54776 0.0826772
91 2238.23 4198.28 13.9954 0.452046
92 4630.12 3547.17 12.8337 0.00647688
93 1213.87 2290.41 7.88138 0.508417
94 2335.58 3360.24 6.43407 0.113297
95 1354.41 3021.94 12.0376 0.636691
96 2004 2799.62 9.32726 0.88104
97 603.35 3873.1 7.72651 0.318755
98 4761.35 286.11 12.9137 0.195063
99 800.04 519.27 14.2512 0.604652
