50 50
0 279.24 503.71 39.9988
1 4714.96 423.29 21.0194
2 1785.33 4197.97 15.3465
3 4083.53 700.09 17.9617
4 1598.41 455.79 61.2617
5 337.69 496.69 24.1897
6 603.66 1038.39 58.2434
7 2444.99 2659.23 16.0171
8 3517.26 4534.75 31.2819
9 3927.73 1251.72 23.089
10 1752.37 3386.33 67.1257
11 4914.55 1027.41 29.2806
12 3132.72 374.77 18.1067
13 803.25 2064.73 20.9133
14 1106.6 1603.6 52.1889
15 1441.24 2852.26 52.4555
16 3619.5 504.32 37.1591
17 2228.77 2600.63 48.9076
18 4300.97 4900.97 37.4954
19 1054.26 1065.4 17.7287
20 1123.08 1660.51 52.9842
21 2464.37 1660.36 66.2206
22 185.25 965.3 34.943
23 2976.62 1143.22 66.4123
24 4781.64 4732.05 49.7154
25 3942.23 1654.56 64.9177
26 2408.37 1215.55 47.3088
27 862.45 3391.83 41.0166
28 4868.01 324.41 30.4267
29 567.34 3699.76 44.6162
30 4123.2 1680.2 72.764
31 161.44 856.96 51.8246
32 4060.95 4952.7 16.0106
33 4143.65 3342.39 24.2284
34 819.88 4501.79 40.7792
35 3606.68 2859.74 37.5503
36 1839.05 2856.53 27.5181
37 3923.76 1905.42 44.7662
38 1283 65 60.4625
39 4827.42 4156.16 58.1437
40 2000.49 3442.64 38.708
41 4286.02 3461.87 27.6839
42 1672.87 4752.65 33.5661
43 87.74 4722.74 17.9148
44 3307.44 4350.41 58.0319
45 534.07 2431.71 42.9297
46 2733.39 4321.42 22.2392
47 3150.88 166.17 39.7531
48 3255.41 143.74 68.0137
49 2824.03 1805.17 42.0327
0 2492.14 4399.85 9.74035 0.322626
1 1881.77 980.71 5.69415 0.645093
2 3070.16 4080.48 8.95052 0.684205
3 403 2308.42 10.7563 0.235377
4 4672.69 3736.38 11.5799 0.359628
5 4382.76 2512.89 11.0323 0.613386
6 4669.94 790.58 10.561 0.890041
7 451.22 2506.33 8.51124 0.839306
8 414.59 413.68 7.82465 0.0910279
9 3909.42 1447.65 7.24065 1.50424
10 1747.64 3633.23 9.34918 0.945501
11 2527.7 968.35 8.47766 0.279342
12 1442.61 1622.21 5.74517 1.08102
13 1801.51 34.49 8.89114 0.913308
14 3746.76 704.21 14.9111 1.10596
15 3066.65 1223.79 6.18324 0.275109
16 3673.51 99.19 10.8372 0.56813
17 3382.06 1700.34 10.9213 1.05399
18 2203.13 1946.32 11.0554 1.18527
19 3588.52 4668.26 8.87824 0.804843
20 48.52 633.56 8.16775 0.492302
21 3444.32 4584.34 12.7087 0.230969
22 140.54 964.38 13.4629 0.0822408
23 250.4 1911.98 6.75522 0.315441
24 1490.98 2194.59 10.0106 1.70408
25 4865.72 698.26 10.3091 1.68161
26 4589.37 2467.88 12.6903 2.36005
27 1522.42 4752.8 6.78283 0.984763
28 987.43 685.45 10.1264 0.712372
29 346.23 712.15 7.13149 0.149982
30 2231.51 336.47 7.15122 1.15045
31 3987.85 3772.39 9.44588 0.926079
32 795.01 2323.22 11.826 0.151711
33 2271.49 4363.99 5.75826 1.14192
34 3170.26 1311.99 12.6649 0.298591
35 1268.81 1560.56 5.63403 0.33096
36 2773.83 2640.92 10.119 0.270188
37 700.86 1494.19 8.58884 0.535694
38 2824.03 4314.4 10.7146 1.15726
39 1078.07 1562.4 11.5095 0.546924
40 1843.32 1118.05 6.40915 0.653511
41 4481.49 3707.54 14.9697 1.84353
42 1946.32 383.47 8.34634 0.672466
43 393.54 2550.13 8.13843 0.556417
44 2564.93 1434.22 7.54853 0.330704
45 484.94 1656.39 10.254 1.14584
46 4770.65 3245.49 14.1167 1.06997
47 3760.34 3721.88 11.6858 1.29472
48 3848.69 2347.33 14.8054 1.13724
49 973.08 2952.21 11.503 0.629732
