20 50
0 4957.88 4980.77 144.854
1 3129.52 2495.04 71.7867
2 69.89 1509.29 52.7481
3 3661.15 3409.22 83.5495
4 1215.86 2157.96 65.8288
5 2200.08 3104.8 111.34
6 888.55 2770.47 44.044
7 3746.91 1485.49 121.376
8 2162.08 3267.31 158.17
9 3611.1 4910.12 109.036
10 1597.95 4552.6 45.1151
11 4814.45 4607.84 176.003
12 2121.04 509.81 39.4163
13 230.72 886.56 65.5405
14 3523.97 2116.31 76.0037
15 3366.8 1411.63 102.825
16 752.89 3207.04 88.47
17 4193.7 4338.66 90.9393
18 2634.36 4922.33 184.261
19 3932.46 4581.13 187.158
0 4560.08 1410.41 11.7026 0.673
1 2965.64 1108.13 14.8614 0.925548
2 3370.62 3668.94 14.4974 0.093959
3 2550.13 980.41 10.7045 1.16071
4 4763.02 811.79 9.92521 0.670609
5 4126.1 1350.75 12.2794 0.604064
6 1022.83 1920.22 8.04124 0.782915
7 129.55 3370.77 8.91012 0.294597
8 818.2 2126.83 6.99794 0.621565
9 4257.79 1166.72 11.3647 0.334869
10 3617.51 4981.38 5.58476 0.277668
11 2494.13 4387.8 11.0813 0.643911
12 174.11 1623.89 10.6759 0.290067
13 3715.63 2011.02 14.2436 0.124268
14 4231.7 1296.27 7.19826 0.605088
15 1284.22 3191.32 9.56657 0.206378
16 3104.34 220.65 8.21888 1.86925
17 4532.76 3429.67 9.62604 0.697785
18 2293.31 3381.91 14.7318 0.466179
19 1547.14 1847.44 6.3492 0.15768
20 1789.76 1237.53 6.97314 1.32927
21 2157.66 2845.09 7.09399 0.58864
22 4225.9 894.34 10.0703 0.313401
23 2536.85 2925.81 6.94045 0.662454
24 2525.71 3776.67 12.373 0.820256
25 318.92 967.28 13.1293 0.163965
26 2217.02 4320.66 13.3314 0.901376
27 1640.52 2722.1 7.96712 1.20146
28 1054.11 1725.82 8.00785 0.0455311
29 4012.73 2827.23 7.55893 0.956251
30 1114.23 4294.56 7.60671 0.478176
31 1428.88 105.59 5.38231 0.783783
32 1019.78 3388.32 13.1415 0.16234
33 615.71 4438.76 9.70124 1.3617
34 3443.71 1538.44 6.17872 0.624289
35 4832.45 992.77 13.545 1.26401
36 553.76 1734.98 10.6229 1.20394
37 4124.73 81.94 12.8191 1.30031
38 2554.7 2429.88 11.7069 0.305921
39 3441.57 3443.86 12.1925 0.547578
40 1979.13 284.59 14.5106 0.746488
41 2518.08 215.31 5.36173 0.170998
42 3889.74 192.42 11.0909 1.69261
43 3933.07 3385.72 13.5795 0.187032
44 4643.54 4607.68 10.2577 0.0342907
45 3245.64 9.16 14.3365 1.40592
46 4378.49 1712.55 6.91359 0.677369
47 2620.32 959.81 7.92186 0.29995
48 876.03 4454.33 11.8604 0.397504
49 1841.33 3506.88 7.15799 0.481938
