40 25
0 318.92 967.28 29.673
1 2217.02 4320.66 41.7206
2 1640.52 2722.1 29.3595
3 1054.11 1725.82 11.4814
4 4012.73 2827.23 36.96
5 1114.23 4294.56 42.0686
6 1428.88 105.59 36.9086
7 1019.78 3388.32 18.1108
8 615.71 4438.76 11.554
9 3443.71 1538.44 20.983
10 4832.45 992.77 23.1055
11 553.76 1734.98 28.6675
12 4124.73 81.94 30.7306
13 2554.7 2429.88 14.1507
14 3441.57 3443.86 12.4718
15 1979.13 284.59 17.8647
16 2518.08 215.31 19.6638
17 3889.74 192.42 15.0874
18 3933.07 3385.72 11.4236
19 4643.54 4607.68 14.4487
20 3245.64 9.16 23.8107
21 4378.49 1712.55 37.7942
22 2620.32 959.81 18.31
23 876.03 4454.33 42.8828
24 1841.33 3506.88 10.4416
25 4957.88 4980.77 42.8374
26 3129.52 2495.04 39.7395
27 69.89 1509.29 34.9946
28 3661.15 3409.22 12.5561
29 1215.86 2157.96 41.9536
30 2200.08 3104.8 9.18487
31 888.55 2770.47 44.781
32 3746.91 1485.49 15.0315
33 2162.08 3267.31 13.528
34 3611.1 4910.12 28.8853
35 1597.95 4552.6 25.854
36 4814.45 4607.84 16.7912
37 2121.04 509.81 34.545
38 230.72 886.56 9.65058
39 3523.97 2116.31 42.9724
0 4560.08 1410.41 8.31592 1.67547
1 2965.64 1108.13 13.9451 0.984796
2 3370.62 3668.94 7.89784 1.59765
3 2550.13 980.41 11.237 0.797816
4 4763.02 811.79 12.0924 0.484956
5 4126.1 1350.75 8.93035 0.415829
6 1022.83 1920.22 10.7933 0.470412
7 129.55 3370.77 13.0286 1.87572
8 818.2 2126.83 8.80623 0.942821
9 4257.79 1166.72 5.04963 0.79203
10 3617.51 4981.38 11.3813 0.752303
11 2494.13 4387.8 7.13255 1.01113
12 174.11 1623.89 13.0463 0.396501
13 3715.63 2011.02 8.44737 1.39802
14 4231.7 1296.27 6.22784 0.78517
15 1284.22 3191.32 9.7253 0.182969
16 3104.34 220.65 10.0656 1.21558
17 4532.76 3429.67 11.2267 1.2347
18 2293.31 3381.91 12.6626 0.627378
19 1547.14 1847.44 8.29834 0.477835
20 1789.76 1237.53 8.75172 0.729887
21 2157.66 2845.09 13.3147 1.19708
22 4225.9 894.34 13.0621 2.49156
23 2536.85 2925.81 10.032 0.381667
24 2525.71 3776.67 9.69945 0.293801
