50 100
0 122.68 2908.87 129.134
1 3265.18 2759.33 116.263
2 4967.96 1628.01 47.4464
3 3213.6 1989.81 113.753
4 2872.4 2660.3 143.291
5 1279.64 3100.53 125.89
6 2216.41 789.67 138.517
7 839.26 283.36 34.3415
8 4967.19 3983.73 62.4719
9 3881.04 2399.06 78.9429
10 2564.01 1364.94 66.1485
11 216.38 972.01 131.981
12 53.56 1427.81 34.7725
13 957.21 385.3 123.302
14 3635.82 29.3 57.4146
15 2665.49 1051.82 52.6675
16 4271.52 187.08 82.918
17 1085.85 3846.4 69.947
18 2512.89 3215.43 33.3916
19 862 1577.81 50.4052
20 2210.61 3229.77 32.4754
21 147.4 784.94 85.1251
22 3252.36 4553.06 111.271
23 1513.26 4635.15 35.1297
24 993.38 4051.94 37.2485
25 3063.45 206.15 93.0036
26 2531.21 2936.8 98.7651
27 1158.64 937.83 90.6564
28 2481.77 56.46 124.531
29 3660.08 2526.63 146.84
30 3416.24 1216.77 52.3503
31 95.22 3051.55 62.3801
32 3608.81 1557.36 132.22
33 2655.87 609.3 30.9096
34 2258.52 515.31 67.8923
35 4429.3 4239.94 102.014
36 4836.12 1408.28 52.2114
37 3775.6 1424.91 75.9692
38 3713.49 168 61.1483
39 1250.95 2938.93 60.4691
40 1735.44 256.05 107.445
41 2988.07 3336.13 49.8623
42 3884.24 3290.81 38.3079
43 1936.09 2853.18 95.2836
44 4696.95 2420.27 149.489
45 869.93 4008 92.0354
46 1591.85 2970.21 130.552
47 3571.73 3679.16 124.911
48 1759.09 2397.08 119.674
49 3093.51 3942.99 73.3729
0 2492.14 4399.85 14.5448 0.325246
1 1881.77 980.71 11.0871 0.0416235
2 3070.16 4080.48 12.8766 0.354549
3 403 2308.42 8.95677 0.644666
4 4672.69 3736.38 7.95148 0.586049
5 4382.76 2512.89 12.9164 0.610046
6 4669.94 790.58 10.9018 0.967838
7 451.22 2506.33 14.564 0.494265
8 414.59 413.68 12.304 0.485144
9 3909.42 1447.65 14.5849 0.37801
10 1747.64 3633.23 14.3478 0.537522
11 2527.7 968.35 9.54731 0.475808
12 1442.61 1622.21 8.59468 0.239739
13 1801.51 34.49 9.84065 0.529569
14 3746.76 704.21 6.13981 0.217625
15 3066.65 1223.79 14.1347 0.812457
16 3673.51 99.19 14.9554 0.624145
17 3382.06 1700.34 14.9655 0.868499
18 2203.13 1946.32 13.7144 0.618686
19 3588.52 4668.26 12.7869 0.180635
20 48.52 633.56 12.7136 0.269012
21 3444.32 4584.34 6.50964 0.481363
22 140.54 964.38 11.5373 0.0262633
23 250.4 1911.98 5.03035 0.290191
24 1490.98 2194.59 8.51367 0.39522
25 4865.72 698.26 13.613 1.26242
26 4589.37 2467.88 13.5246 0.578153
27 1522.42 4752.8 11.1618 0.0729477
28 987.43 685.45 5.39417 0.645557
29 346.23 712.15 8.14424 0.329264
30 2231.51 336.47 6.55587 0.117666
31 3987.85 3772.39 7.91331 0.0579443
32 795.01 2323.22 10.0791 0.183202
33 2271.49 4363.99 6.7944 1.13331
34 3170.26 1311.99 6.19529 0.318686
35 1268.81 1560.56 6.75164 0.342795
36 2773.83 2640.92 10.0349 0.225238
37 700.86 1494.19 10.4568 0.127057
38 2824.03 4314.4 11.9906 0.142457
39 1078.07 1562.4 13.3617 0.00295609
40 1843.32 1118.05 7.07531 0.939144
41 4481.49 3707.54 11.7133 0.595034
42 1946.32 383.47 8.79017 0.0373956
43 393.54 2550.13 11.3933 0.269141
44 2564.93 1434.22 14.3421 0.522969
45 484.94 1656.39 13.6736 0.609252
46 4770.65 3245.49 13.2834 1.02422
47 3760.34 3721.88 5.69254 0.682899
48 3848.69 2347.33 6.67643 0.4685
49 973.08 2952.21 10.852 0.107995
50 279.24 503.71 7.93046 0.0319155
51 4714.96 423.29 6.54222 0.30841
52 1785.33 4197.97 14.2839 0.000664524
53 4083.53 700.09 6.56162 0.611651
54 1598.41 455.79 7.37623 0.687862
55 337.69 496.69 9.62405 0.562674
56 603.66 1038.39 5.30703 0.457099
57 2444.99 2659.23 6.31724 0.073496
58 3517.26 4534.75 7.10198 0.307621
59 3927.73 1251.72 8.72939 0.883746
60 1752.37 3386.33 5.34679 0.370919
61 4914.55 1027.41 8.08857 0.778471
62 3132.72 374.77 14.3302 0.25467
63 803.25 2064.73 12.7969 0.57225
64 1106.6 1603.6 8.43383 0.112077
65 1441.24 2852.26 9.56048 0.249964
66 3619.5 504.32 6.33842 0.516333
67 2228.77 2600.63 10.5526 0.0201166
68 4300.97 4900.97 14.3596 1.20532
69 1054.26 1065.4 9.65012 0.145975
70 1123.08 1660.51 8.66658 0.505735
71 2464.37 1660.36 13.942 0.466507
72 185.25 965.3 6.73924 0.144213
73 2976.62 1143.22 13.8342 0.52534
74 4781.64 4732.05 6.9737 0.650278
75 3942.23 1654.56 12.973 0.0484664
76 2408.37 1215.55 8.10215 0.419556
77 862.45 3391.83 7.3655 0.700219
78 4868.01 324.41 13.8858 1.28344
79 567.34 3699.76 6.09388 0.624084
80 4123.2 1680.2 8.38002 1.08036
81 161.44 856.96 12.6887 0.398211
82 4060.95 4952.7 8.55928 1.4356
83 4143.65 3342.39 14.1275 0.674228
84 819.88 4501.79 6.99898 0.390806
85 3606.68 2859.74 5.36731 0.281107
86 1839.05 2856.53 12.8918 0.11573
87 3923.76 1905.42 14.2703 0.066196
88 1283 65 5.14466 0.704742
89 4827.42 4156.16 8.6585 0.135254
90 2000.49 3442.64 13.7877 0.15995
91 4286.02 3461.87 8.96088 0.344564
92 1672.87 4752.65 8.25282 0.220308
93 87.74 4722.74 11.8946 0.209682
94 3307.44 4350.41 7.13486 0.705759
95 534.07 2431.71 6.46136 0.617558
96 2733.39 4321.42 5.95828 0.0180856
97 3150.88 166.17 13.7985 0.163702
98 3255.41 143.74 13.4725 0.850734
99 2824.03 1805.17 7.14443 0.229964
