30 100
0 1075.47 2176.89 117.99
1 3714.87 255.29 166.583
2 2626.58 665.61 185.625
3 199.29 818.96 117.11
4 3277.69 4508.19 101.146
5 2816.86 931.12 135.836
6 2845.09 4698.17 212.602
7 4761.04 4989.32 196.915
8 3705.4 4898.37 220.705
9 162.05 2741.94 158.734
10 2688.99 3888.21 240.988
11 2373.27 2561.72 203.941
12 1888.33 1261.48 207.196
13 2497.02 3984.04 77.4728
14 1664.02 1534.62 216.487
15 2690.66 921.05 243.824
16 1629.54 4317.3 224.709
17 1275.52 4455.7 49.9861
18 2895.14 704.98 234.297
19 4186.38 1620.23 199.394
20 2352.98 3548.39 70.0488
21 4788.05 4070.41 202.231
22 2285.68 1755.12 62.5675
23 1593.98 3055.51 167.473
24 1075.78 1282.08 93.1827
25 915.4 4595.63 193.671
26 3303.32 2973.27 208.331
27 3974.12 1268.35 223.976
28 5.95 4898.07 158.399
29 508.29 4515.52 99.9048
0 3682.97 2721.79 10.0148 0.474992
1 2348.86 2432.94 9.02428 0.412635
2 194.25 640.74 6.95453 0.420713
3 2296.52 3283.18 7.85202 0.289305
4 145.27 4542.37 5.55155 0.650864
5 548.57 4994.96 14.1296 1.15514
6 1592.46 2495.96 7.09479 0.952417
7 3679.92 2993.41 7.65386 0.30383
8 312.51 3511.15 14.1993 1.781
9 3141.58 4987.95 9.37912 1.14266
10 4489.12 1604.36 11.9245 0.692555
11 3682.67 3833.58 5.30825 2.0594
12 1750.85 2807.55 10.6618 0.576671
13 2952.51 1847.9 14.2008 1.01764
14 1846.52 270.55 9.97291 0.550825
15 1816.77 2990.05 12.6708 0.160753
16 733.51 116.28 7.51882 1.91783
17 2416.3 1805.78 9.26683 0.675214
18 4366.74 3204.6 11.3406 1.27686
19 3503.22 547.65 9.86556 0.903574
20 2963.04 458.85 13.3675 0.2858
21 81.64 3375.5 5.62476 0.903758
22 4027.22 1916.1 5.66765 1.62242
23 1888.18 4040.8 8.00965 0.450275
24 4918.67 2150.79 14.0243 2.73041
25 2739.95 967.59 8.75325 0.388612
26 3240 2234.57 5.96612 0.720136
27 284.43 1128.57 8.80287 0.622558
28 829.34 883.82 7.18558 0.131159
29 3179.57 1628.16 11.8927 2.03212
30 4637.9 4953.46 6.43625 1.62976
31 237.74 396.28 13.0117 0.339336
32 271.77 1932.74 8.38498 0.817907
33 3563.95 4900.66 8.19146 1.0974
34 1484.12 4599.44 14.5835 0.643427
35 218.36 280.92 12.1745 1.43899
36 1392.25 487.53 10.2497 1.09799
37 4436.78 815.3 9.67774 0.416012
38 3707.54 1327.25 7.35048 1.24139
39 4937.59 1121.71 8.95719 2.5338
40 4754.63 110.32 8.69598 1.73968
41 4349.5 1002.23 10.9179 1.13006
42 4562.82 939.66 10.5462 0.307547
43 288.4 336.31 11.8648 0.711487
44 2812.74 4317.91 12.2847 0.274823
45 116.28 2929.32 13.0713 0.380341
46 2915.43 3031.25 7.02478 1.40365
47 3913.08 721.3 10.1059 1.32547
48 9 1287.27 5.17133 0.762231
49 2692.5 2265.69 8.2135 0.264214
50 1152.07 2258.22 13.9099 0.15161
51 1393.63 1878.41 8.0171 0.820489
52 3496.05 1689.96 14.3492 2.08941
53 3678.55 3370.46 12.8823 1.53731
54 3716.09 2732.78 10.4218 0.434198
55 3068.48 4764.55 8.53498 0.38847
56 4484.69 4647.05 9.81604 0.517756
57 2448.81 2905.21 11.5913 1.14812
58 1266.52 543.23 7.55931 1.57971
59 1474.2 4368.11 11.5815 0.340639
60 216.68 1812.04 6.25076 0.33874
61 3905.91 1572.77 7.97509 0.812994
62 464.49 4398.17 10.389 0.464384
63 4411.45 509.35 5.00745 1.71366
64 1562.4 4578.08 6.99509 1.27064
65 1858.88 3980.53 14.07 1.44217
66 4382.92 4395.28 5.8552 1.01044
67 3636.43 1767.33 9.09608 0.538493
68 1243.32 4409.31 6.06426 0.334714
69 3028.05 1628.01 13.4419 1.29861
70 3541.22 3917.05 9.34841 0.27459
71 4177.83 2529.07 13.511 0.891878
72 2679.68 1298.87 6.70311 0.480157
73 1672.87 4021.73 5.15654 0.170659
74 2566.15 4650.11 13.6652 1.14373
75 4277.47 3166.3 7.29257 1.62099
76 4463.64 349.89 13.7206 2.5766
77 4847.1 2911.47 5.57505 1.509
78 2476.88 4728.69 13.5755 0.790997
79 957.37 3335.83 9.64694 0.706162
80 455.64 1483.5 9.60306 1.13233
81 3276.16 4655.29 5.34601 1.11693
82 3594.47 5.49 11.035 0.443283
83 1210.67 3406.02 10.4646 0.488224
84 509.2 2269.81 13.2192 0.485719
85 2862.33 706.35 13.096 0.231857
86 4077.73 3445.69 8.02778 1.43544
87 3818.32 4006.47 5.0454 1.18703
88 1816.31 3885.77 7.20808 0.872094
89 1813.1 1227.76 5.49613 0.0691736
90 4083.22 2645.8 10.4743 1.73629
91 1790.22 3704.95 14.2604 1.38741
92 881.53 196.69 5.75233 0.447859
93 3395.34 1829.43 13.596 1.69415
94 550.25 479.45 12.1135 0.366778
95 432.14 4807.43 11.8563 0.316486
96 1118.96 4964.29 6.75125 1.09109
97 4313.64 3432.11 9.69499 2.84392
98 2611.16 3866.24 11.2178 0.175627
99 1036.56 2283.55 9.74651 0.207927
