30 25
0 5.8 1236.15 58.2907
1 129.55 4297.16 19.6351
2 948.36 943.94 28.6442
3 1379.44 492.26 53.287
4 4334.7 4448.99 26.6953
5 1133 1647.24 50.5795
6 960.72 283.36 59.9458
7 3531.75 3621.33 52.1193
8 898.01 2786.65 39.9839
9 4398.94 4923.55 43.8467
10 3181.55 3664.82 53.4826
11 4682.3 2009.49 49.8122
12 3046.51 905.64 40.6337
13 1836.91 758.69 46.8471
14 620.75 3327.59 45.3444
15 4303.57 3665.27 60.3694
16 2477.95 1543.93 50.1408
17 1737.42 4771.87 46.9489
18 4958.49 3626.21 24.7755
19 1148.26 1880.55 21.8681
20 663.93 1243.78 29.9899
21 1602.22 3069.7 29.3404
22 2032.84 4565.26 40.0968
23 2644.73 2047.64 50.9401
24 3400.68 1699.42 40.5995
25 4102.45 4377.57 56.9497
26 453.96 959.5 31.3938
27 2415.08 4100.47 26.1058
28 3483.69 1729.94 62.1549
29 1160.01 2792.14 45.2923
0 3682.52 1081.73 13.2812 1.9501
1 4623.1 3761.25 9.94265 1.74134
2 3620.56 41.66 7.12842 1.5742
3 1821.5 3729.82 6.63997 1.43915
4 2625.97 480.36 5.06215 0.280672
5 571.15 4988.25 7.88227 0.357236
6 3214.36 4971.31 12.2017 1.83996
7 293.59 347.61 9.28246 0.69026
8 1220.44 699.64 14.6267 0.258401
9 2862.18 1398.36 5.51 1.43052
10 2747.28 4242.23 6.06864 1.1766
11 1391.49 2763.15 6.52275 0.574692
12 4522.69 1120.18 13.9151 2.98996
13 4701.22 4333.93 14.3201 1.51115
14 321.67 2160.1 12.4206 0.232385
15 1358.84 4764.85 10.9001 1.25199
16 3607.9 1191.9 10.426 1.73067
17 4710.99 2007.81 7.25758 0.456204
18 4053.16 1116.82 6.86183 0.83697
19 2804.5 4170.35 9.22003 1.2193
20 3089.54 2875.15 13.268 2.39072
21 4608.75 1476.18 7.31295 0.281261
22 1151.62 4345.38 6.01515 1.23064
23 1441.08 2611.47 13.6716 0.684362
24 1763.82 3706.93 5.58848 0.948915
