20 50
0 2007.66 2861.42 94.8424
1 4069.19 3413.95 313.035
2 1151.01 4098.94 48.7986
3 3856.01 49.75 288.178
4 3771.94 2098.76 294.391
5 1927.09 650.35 55.3852
6 4452.96 1836.76 85.4952
7 4685.51 4514.45 41.2596
8 2273.02 2649.77 356.257
9 1896.42 1518.75 360.965
10 2583.85 1034.42 87.5061
11 3916.44 3555.71 62.7339
12 3326.06 4822.53 50.089
13 4792.17 3359.94 204.663
14 4167.61 3888.97 215.304
15 759.76 2137.67 311.261
16 4246.5 50.51 154.927
17 1175.73 4898.83 266.938
18 1797.54 1310.16 140.398
19 1410.11 4900.51 342.187
0 4560.53 3050.63 7.6472 1.58309
1 691.55 4780.11 12.1109 0.028754
2 4944.61 4268.17 8.58905 1.34627
3 3024.99 533.62 13.9663 1.52769
4 2282.33 4873.65 13.2646 1.0861
5 4103.52 1357.46 9.90234 0.11928
6 4401.07 4445.02 6.64794 1.46168
7 3515.88 1016.27 5.4103 1.54441
8 4910.43 4938.35 5.89699 0.341094
9 4537.19 4756.46 11.6188 0.523682
10 359.2 2343.52 9.92551 0.112613
11 4785.3 457.93 7.59769 0.884164
12 2402.42 3311.41 9.578 0.477684
13 1967.07 4525.13 12.4677 1.49158
14 756.25 4406.87 9.14793 1.0714
15 1742.15 1416.52 13.8197 0.219547
16 229.96 4145.18 6.51445 0.953729
17 2238.07 3227.48 9.68718 0.746486
18 2607.04 469.37 14.1862 0.438155
19 2245.86 3224.89 10.0503 0.124838
20 1663.26 3821.22 13.7942 0.610448
21 2630.54 4744.41 10.7969 0.251785
22 2101.2 3465.22 6.92465 0.999765
23 2983.95 4355.3 9.53311 1.12678
24 680.41 2220.53 14.3409 0.140672
25 3053.07 698.72 12.3602 1.72033
26 327.16 2258.06 14.9534 0.222489
27 976.59 2906.74 6.47402 1.62451
28 503.86 2117.37 14.5814 0.707796
29 2857.6 6.41 9.33044 2.62565
30 4619.13 2600.48 12.9668 0.959146
31 705.89 218.51 10.7071 1.87335
32 2759.94 1699.73 9.65749 1.99368
33 3281.66 1552.63 7.72423 0.482421
34 528.89 1214.33 5.27247 0.26787
35 1869.26 2609.03 11.1765 0.420653
36 2263.86 212.87 6.26395 1.21288
37 514.69 4991.76 12.8927 1.1831
38 4425.34 2998.44 14.7221 0.451339
39 2758.26 1237.98 14.3883 0.133291
40 2430.19 1729.79 7.01676 1.56998
41 4389.63 4673.6 11.8047 0.550359
42 1714.99 1360.36 9.08262 0.50276
43 4262.98 95.68 7.15577 0.878783
44 1307.87 2044.89 6.18285 0.152725
45 2697.99 1694.69 12.1957 0.756056
46 691.7 1674.25 5.0003 0.85316
47 4500.56 2116 12.9122 1.09524
48 3240.46 3693.96 6.90544 0.790241
49 1133.15 4073.15 10.867 0.00548322
