40 75
0 1945.4 4732.96 89.4046
1 854.06 1000.4 96.5285
2 1649.83 4080.48 37.433
3 3220.31 301.83 75.3279
4 1663.87 3925.6 108.918
5 3095.49 227.97 100.74
6 4880.83 336.92 56.7069
7 527.36 3371.99 101.575
8 2811.37 3414.26 117.03
9 3824.43 1491.44 33.477
10 2634.97 1757.71 83.1115
11 4266.79 1997.28 72.9708
12 862.61 2106.39 120.661
13 322.28 934.02 94.5243
14 2517.47 2421.19 104.626
15 1518.6 1987.21 96.8414
16 2238.23 4198.28 73.5192
17 4630.12 3547.17 58.722
18 1213.87 2290.41 118.88
19 2335.58 3360.24 91.704
20 1354.41 3021.94 30.355
21 2004 2799.62 110.422
22 603.35 3873.1 73.8964
23 4761.35 286.11 88.2729
24 800.04 519.27 112.789
25 2498.55 891.14 100.69
26 1996.52 4506.21 43.2488
27 2975.25 1652.12 114.572
28 4636.22 2338.18 136.421
29 673.39 4631.95 124.318
30 3499.1 4267.1 45.9902
31 3562.43 2253.94 124.887
32 4822.69 3556.32 75.5006
33 3425.09 1944.94 106.047
34 500.2 4507.89 60.5404
35 4907.68 4613.03 120.827
36 768.61 27.77 66.5041
37 943.94 3997.31 71.2586
38 4285.87 2015.9 117.912
39 4715.26 1416.82 128.753
0 4560.08 1410.41 7.07249 0.388011
1 2965.64 1108.13 7.36231 0.676949
2 3370.62 3668.94 7.52209 0.0770307
3 2550.13 980.41 6.48326 0.244362
4 4763.02 811.79 6.38967 1.27333
5 4126.1 1350.75 12.5401 0.784173
6 1022.83 1920.22 7.65689 0.638492
7 129.55 3370.77 12.1151 0.71178
8 818.2 2126.83 8.28353 0.329718
9 4257.79 1166.72 10.5155 1.16229
10 3617.51 4981.38 14.4616 0.204647
11 2494.13 4387.8 5.51697 0.109787
12 174.11 1623.89 10.1834 0.192555
13 3715.63 2011.02 13.0683 0.654601
14 4231.7 1296.27 6.78584 0.498006
15 1284.22 3191.32 7.10794 0.0433649
16 3104.34 220.65 10.5615 0.694699
17 4532.76 3429.67 8.08331 0.206593
18 2293.31 3381.91 5.17392 0.279085
19 1547.14 1847.44 9.93367 0.414156
20 1789.76 1237.53 11.035 0.778043
21 2157.66 2845.09 7.33446 0.204302
22 4225.9 894.34 13.9852 1.25346
23 2536.85 2925.81 10.9253 0.229195
24 2525.71 3776.67 13.0707 0.275953
25 318.92 967.28 12.138 0.25425
26 2217.02 4320.66 9.72996 0.185753
27 1640.52 2722.1 13.4131 0.574553
28 1054.11 1725.82 12.755 0.534838
29 4012.73 2827.23 13.2143 0.972438
30 1114.23 4294.56 8.97554 0.229573
31 1428.88 105.59 14.7386 0.435894
32 1019.78 3388.32 12.8483 0.713226
33 615.71 4438.76 8.14958 0.0223197
34 3443.71 1538.44 14.9158 0.111297
35 4832.45 992.77 14.2096 0.584716
36 553.76 1734.98 8.97345 0.64036
37 4124.73 81.94 5.33094 1.37132
38 2554.7 2429.88 10.0775 0.0535505
39 3441.57 3443.86 8.61262 0.491068
40 1979.13 284.59 6.49476 0.49957
41 2518.08 215.31 11.282 0.481847
42 3889.74 192.42 6.41076 1.27055
43 3933.07 3385.72 12.5751 0.91519
44 4643.54 4607.68 6.71683 0.277387
45 3245.64 9.16 7.07828 0.244857
46 4378.49 1712.55 6.22748 0.441308
47 2620.32 959.81 13.2512 0.31287
48 876.03 4454.33 6.35826 0.462144
49 1841.33 3506.88 12.4278 0.352049
50 4957.88 4980.77 6.73214 0.00633098
51 3129.52 2495.04 13.4363 0.808025
52 69.89 1509.29 14.1053 1.29011
53 3661.15 3409.22 7.60528 0.834346
54 1215.86 2157.96 12.3223 0.392788
55 2200.08 3104.8 11.9649 0.263813
56 888.55 2770.47 10.1891 0.319243
57 3746.91 1485.49 10.1239 0.644524
58 2162.08 3267.31 13.0493 0.057739
59 3611.1 4910.12 10.9867 0.615472
60 1597.95 4552.6 14.1487 0.044681
61 4814.45 4607.84 7.37334 0.274813
62 2121.04 509.81 5.38192 0.708966
63 230.72 886.56 5.91616 0.446595
64 3523.97 2116.31 6.24363 0.583033
65 3366.8 1411.63 7.99257 0.466955
66 752.89 3207.04 12.6672 0.300038
67 4193.7 4338.66 14.4354 0.609743
68 2634.36 4922.33 12.7494 0.297484
69 3932.46 4581.13 11.8249 0.56303
70 1196.94 3365.89 5.65621 0.358104
71 200.81 3994.87 12.3525 0.325088
72 4245.43 2509.69 6.17651 0.607308
73 1428.57 3758.51 12.8746 0.0010138
74 1342.05 1871.24 6.10563 0.181532
