20 25
0 3053.07 698.72 57.7573
1 327.16 2258.06 41.1701
2 976.59 2906.74 76.5948
3 503.86 2117.37 46.6714
4 2857.6 6.41 91.6525
5 4619.13 2600.48 50.7473
6 705.89 218.51 55.5052
7 2759.94 1699.73 80.6753
8 3281.66 1552.63 77.3439
9 528.89 1214.33 82.4283
10 1869.26 2609.03 70.2186
11 2263.86 212.87 93.4271
12 514.69 4991.76 37.6484
13 4425.34 2998.44 56.3495
14 2758.26 1237.98 51.8177
15 2430.19 1729.79 91.9162
16 4389.63 4673.6 92.1479
17 1714.99 1360.36 40.1566
18 4262.98 95.68 87.421
19 1307.87 2044.89 38.0399
0 4560.53 3050.63 12.108 0.834959
1 691.55 4780.11 5.23635 0.898231
2 4944.61 4268.17 6.03033 0.726647
3 3024.99 533.62 9.51436 0.0851685
4 2282.33 4873.65 8.5355 3.60122
5 4103.52 1357.46 9.21928 0.751132
6 4401.07 4445.02 14.7703 0.974473
7 3515.88 1016.27 11.465 0.908915
8 4910.43 4938.35 10.0451 1.36923
9 4537.19 4756.46 14.4072 0.201943
10 359.2 2343.52 10.8238 1.16093
11 4785.3 457.93 12.9609 1.67616
12 2402.42 3311.41 9.04229 0.313858
13 1967.07 4525.13 12.8871 4.14719
14 756.25 4406.87 9.03803 2.92704
15 1742.15 1416.52 7.15674 0.215836
16 229.96 4145.18 12.9342 1.15359
17 2238.07 3227.48 14.4109 1.56507
18 2607.04 469.37 12.8428 0.248066
19 2245.86 3224.89 8.57997 1.41602
20 1663.26 3821.22 12.7052 2.03264
21 2630.54 4744.41 13.9672 3.38346
22 2101.2 3465.22 7.51432 1.45445
23 2983.95 4355.3 11.0798 4.13224
24 680.41 2220.53 13.7787 0.634032
