40 25
0 318.92 967.28 60.2022
1 2217.02 4320.66 28.9139
2 1640.52 2722.1 62.8355
3 1054.11 1725.82 94.8365
4 4012.73 2827.23 84.0413
5 1114.23 4294.56 86.1811
6 1428.88 105.59 86.6124
7 1019.78 3388.32 27.3142
8 615.71 4438.76 55.3599
9 3443.71 1538.44 89.5583
10 4832.45 992.77 21.1224
11 553.76 1734.98 70.4452
12 4124.73 81.94 87.4035
13 2554.7 2429.88 54.4094
14 3441.57 3443.86 77.096
15 1979.13 284.59 83.1245
16 2518.08 215.31 26.2586
17 3889.74 192.42 24.6207
18 3933.07 3385.72 45.8479
19 4643.54 4607.68 36.7643
20 3245.64 9.16 35.4168
21 4378.49 1712.55 59.3649
22 2620.32 959.81 25.165
23 876.03 4454.33 59.4338
24 1841.33 3506.88 41.5935
25 4957.88 4980.77 61.3736
26 3129.52 2495.04 67.4025
27 69.89 1509.29 67.2753
28 3661.15 3409.22 81.1516
29 1215.86 2157.96 42.9363
30 2200.08 3104.8 62.7475
31 888.55 2770.47 51.3366
32 3746.91 1485.49 36.2455
33 2162.08 3267.31 58.3415
34 3611.1 4910.12 58.0668
35 1597.95 4552.6 38.4403
36 4814.45 4607.84 96.4432
37 2121.04 509.81 40.3513
38 230.72 886.56 11.4847
39 3523.97 2116.31 54.6099
0 4560.08 1410.41 6.8623 1.59254
1 2965.64 1108.13 14.0563 1.23682
2 3370.62 3668.94 7.6043 1.44996
3 2550.13 980.41 11.5636 0.835933
4 4763.02 811.79 14.1743 1.50782
5 4126.1 1350.75 14.4741 1.36751
6 1022.83 1920.22 11.9528 0.0137559
7 129.55 3370.77 7.42562 0.274053
8 818.2 2126.83 14.8743 0.493661
9 4257.79 1166.72 8.97418 1.38928
10 3617.51 4981.38 6.13988 0.851917
11 2494.13 4387.8 10.146 1.65295
12 174.11 1623.89 9.28194 0.361995
13 3715.63 2011.02 8.72757 1.17562
14 4231.7 1296.27 12.1923 0.372186
15 1284.22 3191.32 11.9302 1.15665
16 3104.34 220.65 6.38247 0.189866
17 4532.76 3429.67 14.0051 2.27409
18 2293.31 3381.91 5.57094 1.17808
19 1547.14 1847.44 12.3858 1.2096
20 1789.76 1237.53 9.56644 0.771714
21 2157.66 2845.09 11.0648 0.925829
22 4225.9 894.34 14.2575 1.98321
23 2536.85 2925.81 10.3519 0.98463
24 2525.71 3776.67 11.6352 0.128663
