20 75
0 1945.4 4732.96 503.55
1 854.06 1000.4 563.643
2 1649.83 4080.48 124.106
3 3220.31 301.83 192.018
4 1663.87 3925.6 458.995
5 3095.49 227.97 250.581
6 4880.83 336.92 499.544
7 527.36 3371.99 132.585
8 2811.37 3414.26 321.249
9 3824.43 1491.44 362.436
10 2634.97 1757.71 387.39
11 4266.79 1997.28 348.56
12 862.61 2106.39 260.027
13 322.28 934.02 446.608
14 2517.47 2421.19 255.95
15 1518.6 1987.21 184.438
16 2238.23 4198.28 407.12
17 4630.12 3547.17 460.651
18 1213.87 2290.41 63.2617
19 2335.58 3360.24 451.215
0 4560.08 1410.41 14.9574 0.275471
1 2965.64 1108.13 13.6812 0.373576
2 3370.62 3668.94 9.11614 0.486281
3 2550.13 980.41 11.9606 0.959496
4 4763.02 811.79 11.2559 0.924677
5 4126.1 1350.75 12.9385 0.473374
6 1022.83 1920.22 8.1772 0.163944
7 129.55 3370.77 12.4133 0.199206
8 818.2 2126.83 8.1722 0.11237
9 4257.79 1166.72 5.47688 0.738225
10 3617.51 4981.38 13.7982 0.822251
11 2494.13 4387.8 6.9019 0.257883
12 174.11 1623.89 6.30657 0.578015
13 3715.63 2011.02 11.337 0.470365
14 4231.7 1296.27 8.9402 0.793169
15 1284.22 3191.32 13.8593 0.390709
16 3104.34 220.65 5.18768 0.719189
17 4532.76 3429.67 12.9125 0.406356
18 2293.31 3381.91 7.71547 0.0671651
19 1547.14 1847.44 13.7091 0.125069
20 1789.76 1237.53 14.5071 0.970756
21 2157.66 2845.09 8.62873 0.438772
22 4225.9 894.34 9.43379 0.590967
23 2536.85 2925.81 9.68474 0.332944
24 2525.71 3776.67 9.20908 0.589026
25 318.92 967.28 13.1905 0.443116
26 2217.02 4320.66 9.6819 0.100499
27 1640.52 2722.1 7.81216 0.344274
28 1054.11 1725.82 12.9724 0.822418
29 4012.73 2827.23 9.31425 0.678885
30 1114.23 4294.56 6.31339 0.687281
31 1428.88 105.59 7.13842 1.50977
32 1019.78 3388.32 8.32585 0.395579
33 615.71 4438.76 8.89059 0.914363
34 3443.71 1538.44 14.3829 0.553573
35 4832.45 992.77 13.4952 0.996064
36 553.76 1734.98 7.38235 0.600047
37 4124.73 81.94 6.03342 1.4219
38 2554.7 2429.88 8.61163 0.283666
39 3441.57 3443.86 6.37577 0.535042
40 1979.13 284.59 8.29533 0.548208
41 2518.08 215.31 14.71 0.857478
42 3889.74 192.42 10.6242 0.853575
43 3933.07 3385.72 5.34852 0.350096
44 4643.54 4607.68 9.95594 0.877962
45 3245.64 9.16 9.07008 0.309237
46 4378.49 1712.55 12.8622 0.321518
47 2620.32 959.81 13.1073 0.570068
48 876.03 4454.33 8.37252 0.666046
49 1841.33 3506.88 8.73311 0.541088
50 4957.88 4980.77 9.70741 1.51087
51 3129.52 2495.04 14.9412 0.408262
52 69.89 1509.29 8.1024 0.490955
53 3661.15 3409.22 5.00134 0.361469
54 1215.86 2157.96 11.8347 0.355589
55 2200.08 3104.8 13.2726 0.36524
56 888.55 2770.47 8.01534 0.420917
57 3746.91 1485.49 6.45213 0.525503
58 2162.08 3267.31 12.4567 0.278842
59 3611.1 4910.12 14.9304 1.39212
60 1597.95 4552.6 12.2693 0.231426
61 4814.45 4607.84 10.7755 1.41846
62 2121.04 509.81 8.66962 0.579561
63 230.72 886.56 9.0121 0.281832
64 3523.97 2116.31 10.6307 1.191
65 3366.8 1411.63 12.6544 0.551185
66 752.89 3207.04 13.6877 0.313733
67 4193.7 4338.66 14.9536 1.04962
68 2634.36 4922.33 7.72743 0.64325
69 3932.46 4581.13 9.27368 1.48834
70 1196.94 3365.89 5.59171 0.665155
71 200.81 3994.87 12.502 0.564791
72 4245.43 2509.69 10.491 0.92296
73 1428.57 3758.51 14.0069 0.227944
74 1342.05 1871.24 7.37764 0.665912
