40 50
0 4957.88 4980.77 154.871
1 3129.52 2495.04 132.277
2 69.89 1509.29 157.554
3 3661.15 3409.22 166.319
4 1215.86 2157.96 80.4528
5 2200.08 3104.8 138.601
6 888.55 2770.47 28.7039
7 3746.91 1485.49 35.9555
8 2162.08 3267.31 25.0678
9 3611.1 4910.12 175.126
10 1597.95 4552.6 83.0292
11 4814.45 4607.84 109.552
12 2121.04 509.81 66.5815
13 230.72 886.56 142.667
14 3523.97 2116.31 120.426
15 3366.8 1411.63 77.521
16 752.89 3207.04 109.61
17 4193.7 4338.66 43.7648
18 2634.36 4922.33 62.7811
19 3932.46 4581.13 58.5596
20 1196.94 3365.89 141.157
21 200.81 3994.87 138.641
22 4245.43 2509.69 33.2844
23 1428.57 3758.51 97.6041
24 1342.05 1871.24 69.4043
25 1945.4 4732.96 168.534
26 854.06 1000.4 23.5503
27 1649.83 4080.48 84.8123
28 3220.31 301.83 96.5307
29 1663.87 3925.6 86.7835
30 3095.49 227.97 107.936
31 4880.83 336.92 23.7795
32 527.36 3371.99 77.2029
33 2811.37 3414.26 55.9924
34 3824.43 1491.44 40.848
35 2634.97 1757.71 109.598
36 4266.79 1997.28 138.412
37 862.61 2106.39 74.3868
38 322.28 934.02 52.4695
39 2517.47 2421.19 156.353
0 4560.08 1410.41 7.02089 0.835077
1 2965.64 1108.13 11.575 0.0457726
2 3370.62 3668.94 9.20959 0.440971
3 2550.13 980.41 9.16235 1.15573
4 4763.02 811.79 14.6404 0.427891
5 4126.1 1350.75 11.8219 0.223653
6 1022.83 1920.22 8.53523 1.08368
7 129.55 3370.77 13.6675 0.546605
8 818.2 2126.83 13.1531 0.962857
9 4257.79 1166.72 5.52421 1.95497
10 3617.51 4981.38 13.2123 0.234275
11 2494.13 4387.8 12.2686 1.13115
12 174.11 1623.89 7.35373 1.53987
13 3715.63 2011.02 9.66605 0.154875
14 4231.7 1296.27 13.1664 0.659166
15 1284.22 3191.32 8.80579 0.449045
16 3104.34 220.65 11.4148 1.34479
17 4532.76 3429.67 7.29632 0.379185
18 2293.31 3381.91 9.46077 0.897094
19 1547.14 1847.44 13.1562 1.45643
20 1789.76 1237.53 5.44709 0.571486
21 2157.66 2845.09 14.6471 1.01293
22 4225.9 894.34 9.20898 1.3668
23 2536.85 2925.81 8.4422 1.59644
24 2525.71 3776.67 13.5743 1.79221
25 318.92 967.28 10.425 0.0902271
26 2217.02 4320.66 10.7755 0.031251
27 1640.52 2722.1 9.69065 1.77707
28 1054.11 1725.82 9.44444 1.16486
29 4012.73 2827.23 12.3373 0.0139558
30 1114.23 4294.56 6.80839 1.90684
31 1428.88 105.59 9.76028 1.70759
32 1019.78 3388.32 7.47183 1.0183
33 615.71 4438.76 11.1536 2.69902
34 3443.71 1538.44 13.0102 1.59281
35 4832.45 992.77 10.1885 1.83026
36 553.76 1734.98 9.49629 2.62961
37 4124.73 81.94 13.1877 3.0791
38 2554.7 2429.88 9.28003 0.0538306
39 3441.57 3443.86 11.1997 1.01426
40 1979.13 284.59 8.89908 1.22159
41 2518.08 215.31 14.0207 0.399536
42 3889.74 192.42 10.4515 1.54547
43 3933.07 3385.72 6.07225 0.401793
44 4643.54 4607.68 11.0706 0.353027
45 3245.64 9.16 10.0103 0.373141
46 4378.49 1712.55 8.52263 1.59467
47 2620.32 959.81 8.95515 0.808871
48 876.03 4454.33 13.8057 1.13464
49 1841.33 3506.88 14.6328 1.52054
